0.0
0.001569563001092407
0.003139126002184814
0.004708689003277221
0.006278252004369628
0.007847815005462035
0.009417378006554442
0.010986941007646849
0.012556504008739255
0.014126067009831662
0.01569563001092407
0.01726519301201648
0.018834756013108883
0.02040431901420129
0.021973882015293697
0.023543445016386107
0.02511300801747851
0.026682571018570918
0.028252134019663325
0.029821697020755735
0.03139126002184814
0.032960823022940546
0.03453038602403296
0.03609994902512536
0.037669512026217766
0.03923907502731017
0.04080863802840258
0.04237820102949499
0.043947764030587394
0.0455173270316798
0.047086890032772215
0.048656453033864615
0.05022601603495702
0.05179557903604943
0.053365142037141836
0.05493470503823424
0.05650426803932665
0.05807383104041906
0.05964339404151147
0.06121295704260388
0.06278252004369628
0.06435208304478869
0.06592164604588109
0.06749120904697349
0.06906077204806592
0.07063033504915832
0.07219989805025072
0.07376946105134313
0.07533902405243553
0.07690858705352795
0.07847815005462035
0.08004771305571275
0.08161727605680516
0.08318683905789757
0.08475640205898997
0.08632596506008239
0.08789552806117479
0.0894650910622672
0.0910346540633596
0.092604217064452
0.09417378006554443
0.09574334306663683
0.09731290606772923
0.09888246906882164
0.10045203206991404
0.10202159507100646
0.10359115807209886
0.10516072107319126
0.10673028407428367
0.10829984707537607
0.10986941007646849
0.11143897307756088
0.1130085360786533
0.11457809907974573
0.11614766208083813
0.11771722508193053
0.11928678808302294
0.12085635108411534
0.12242591408520775
0.12399547708630015
0.12556504008739255
0.12713460308848495
0.12870416608957738
0.13027372909066978
0.13184329209176218
0.13341285509285458
0.13498241809394698
0.1365519810950394
0.13812154409613184
0.13969110709722424
0.14126067009831664
0.14283023309940904
0.14439979610050144
0.14596935910159387
0.14753892210268627
0.14910848510377867
0.15067804810487107
0.15224761110596347
0.1538171741070559
0.1553867371081483
0.1569563001092407
0.1585258631103331
0.1600954261114255
0.16166498911251792
0.16323455211361032
0.16480411511470275
0.16637367811579515
0.16794324111688755
0.16951280411797995
0.17108236711907238
0.17265193012016478
0.17422149312125718
0.17579105612234958
0.17736061912344198
0.1789301821245344
0.1804997451256268
0.1820693081267192
0.1836388711278116
0.185208434128904
0.18677799712999643
0.18834756013108886
0.18991712313218126
0.19148668613327366
0.19305624913436606
0.19462581213545846
0.1961953751365509
0.1977649381376433
0.1993345011387357
0.2009040641398281
0.2024736271409205
0.20404319014201291
0.20561275314310531
0.20718231614419771
0.20875187914529011
0.21032144214638251
0.21189100514747494
0.21346056814856734
0.21503013114965974
0.21659969415075214
0.21816925715184454
0.21973882015293697
0.22130838315402937
0.22287794615512177
0.22444750915621417
0.2260170721573066
0.22758663515839903
0.22915619815949145
0.23072576116058385
0.23229532416167625
0.23386488716276865
0.23543445016386105
0.23700401316495348
0.23857357616604588
0.24014313916713828
0.24171270216823068
0.24328226516932308
0.2448518281704155
0.2464213911715079
0.2479909541726003
0.2495605171736927
0.2511300801747851
0.2526996431758775
0.2542692061769699
0.2558387691780623
0.25740833217915476
0.25897789518024716
0.26054745818133956
0.26211702118243196
0.26368658418352436
0.26525614718461676
0.26682571018570916
0.26839527318680156
0.26996483618789396
0.27153439918898636
0.2731039621900788
0.2746735251911712
0.2762430881922637
0.2778126511933561
0.2793822141944485
0.2809517771955409
0.2825213401966333
0.2840909031977257
0.2856604661988181
0.2872300291999105
0.2887995922010029
0.2903691552020953
0.29193871820318773
0.29350828120428013
0.29507784420537253
0.29664740720646493
0.29821697020755733
0.29978653320864973
0.30135609620974213
0.30292565921083453
0.30449522221192693
0.3060647852130194
0.3076343482141118
0.3092039112152042
0.3107734742162966
0.312343037217389
0.3139126002184814
0.3154821632195738
0.3170517262206662
0.3186212892217586
0.320190852222851
0.32176041522394344
0.32332997822503584
0.32489954122612824
0.32646910422722064
0.3280386672283131
0.3296082302294055
0.3311777932304979
0.3327473562315903
0.3343169192326827
0.3358864822337751
0.3374560452348675
0.3390256082359599
0.34059517123705235
0.34216473423814475
0.34373429723923715
0.34530386024032955
0.34687342324142195
0.34844298624251435
0.35001254924360675
0.35158211224469915
0.35315167524579155
0.35472123824688395
0.3562908012479764
0.3578603642490688
0.3594299272501612
0.3609994902512536
0.362569053252346
0.3641386162534384
0.3657081792545308
0.3672777422556232
0.3688473052567156
0.370416868257808
0.37198643125890046
0.37355599425999286
0.37512555726108526
0.3766951202621777
0.3782646832632701
0.3798342462643625
0.3814038092654549
0.3829733722665473
0.3845429352676397
0.3861124982687321
0.3876820612698245
0.3892516242709169
0.3908211872720094
0.3923907502731018
0.3939603132741942
0.3955298762752866
0.397099439276379
0.3986690022774714
0.4002385652785638
0.4018081282796562
0.4033776912807486
0.404947254281841
0.40651681728293343
0.40808638028402583
0.40965594328511823
0.41122550628621063
0.41279506928730303
0.41436463228839543
0.41593419528948783
0.41750375829058023
0.41907332129167263
0.42064288429276503
0.4222124472938575
0.4237820102949499
0.4253515732960423
0.4269211362971347
0.4284906992982271
0.4300602622993195
0.4316298253004119
0.4331993883015043
0.4347689513025967
0.4363385143036891
0.43790807730478154
0.43947764030587394
0.44104720330696634
0.44261676630805874
0.44418632930915114
0.44575589231024354
0.44732545531133594
0.44889501831242834
0.45046458131352074
0.4520341443146132
0.45360370731570565
0.45517327031679805
0.45674283331789045
0.4583123963189829
0.4598819593200753
0.4614515223211677
0.4630210853222601
0.4645906483233525
0.4661602113244449
0.4677297743255373
0.4692993373266297
0.4708689003277221
0.4724384633288145
0.47400802632990696
0.47557758933099936
0.47714715233209176
0.47871671533318416
0.48028627833427656
0.48185584133536896
0.48342540433646136
0.48499496733755376
0.48656453033864616
0.48813409333973856
0.489703656340831
0.4912732193419234
0.4928427823430158
0.4944123453441082
0.4959819083452006
0.497551471346293
0.4991210343473854
0.5006905973484779
0.5022601603495702
0.5038297233506627
0.505399286351755
0.5069688493528475
0.5085384123539398
0.5101079753550323
0.5116775383561246
0.5132471013572171
0.5148166643583095
0.5163862273594019
0.5179557903604943
0.5195253533615867
0.5210949163626791
0.5226644793637715
0.5242340423648639
0.5258036053659563
0.5273731683670487
0.5289427313681412
0.5305122943692335
0.532081857370326
0.5336514203714183
0.5352209833725108
0.5367905463736031
0.5383601093746956
0.5399296723757879
0.5414992353768804
0.5430687983779727
0.5446383613790652
0.5462079243801576
0.54777748738125
0.5493470503823424
0.5509166133834348
0.5524861763845273
0.5540557393856197
0.5556253023867121
0.5571948653878045
0.558764428388897
0.5603339913899893
0.5619035543910817
0.5634731173921741
0.5650426803932665
0.566612243394359
0.5681818063954513
0.5697513693965438
0.5713209323976361
0.5728904953987286
0.574460058399821
0.5760296214009134
0.5775991844020057
0.5791687474030982
0.5807383104041905
0.582307873405283
0.5838774364063755
0.5854469994074678
0.5870165624085603
0.5885861254096526
0.5901556884107451
0.5917252514118374
0.5932948144129299
0.5948643774140222
0.5964339404151147
0.5980035034162071
0.5995730664172995
0.6011426294183919
0.6027121924194843
0.6042817554205767
0.6058513184216691
0.6074208814227615
0.6089904444238539
0.6105600074249463
0.6121295704260388
0.6136991334271311
0.6152686964282236
0.6168382594293159
0.6184078224304084
0.6199773854315007
0.6215469484325932
0.6231165114336855
0.624686074434778
0.6262556374358703
0.6278252004369628
0.6293947634380552
0.6309643264391476
0.63253388944024
0.6341034524413324
0.6356730154424248
0.6372425784435172
0.6388121414446096
0.640381704445702
0.6419512674467944
0.6435208304478869
0.6450903934489792
0.6466599564500717
0.648229519451164
0.6497990824522565
0.6513686454533488
0.6529382084544413
0.6545077714555337
0.6560773344566262
0.6576468974577185
0.659216460458811
0.6607860234599033
0.6623555864609958
0.6639251494620881
0.6654947124631806
0.667064275464273
0.6686338384653654
0.6702034014664578
0.6717729644675502
0.6733425274686426
0.674912090469735
0.6764816534708274
0.6780512164719198
0.6796207794730122
0.6811903424741047
0.682759905475197
0.6843294684762895
0.6858990314773818
0.6874685944784743
0.6890381574795666
0.6906077204806591
0.6921772834817514
0.6937468464828439
0.6953164094839362
0.6968859724850287
0.6984555354861212
0.7000250984872135
0.701594661488306
0.7031642244893983
0.7047337874904908
0.7063033504915831
0.7078729134926756
0.7094424764937679
0.7110120394948604
0.7125816024959528
0.7141511654970452
0.7157207284981376
0.71729029149923
0.7188598545003224
0.7204294175014148
0.7219989805025072
0.7235685435035996
0.725138106504692
0.7267076695057844
0.7282772325068768
0.7298467955079693
0.7314163585090616
0.7329859215101541
0.7345554845112464
0.7361250475123389
0.7376946105134312
0.7392641735145237
0.740833736515616
0.7424032995167085
0.7439728625178009
0.7455424255188933
0.7471119885199857
0.7486815515210781
0.7502511145221705
0.7518206775232629
0.7533902405243554
0.7549598035254478
0.7565293665265402
0.7580989295276326
0.759668492528725
0.7612380555298174
0.7628076185309098
0.7643771815320023
0.7659467445330946
0.7675163075341871
0.7690858705352794
0.7706554335363719
0.7722249965374642
0.7737945595385567
0.775364122539649
0.7769336855407415
0.7785032485418338
0.7800728115429263
0.7816423745440187
0.7832119375451111
0.7847815005462035
0.7863510635472959
0.7879206265483883
0.7894901895494807
0.7910597525505731
0.7926293155516655
0.794198878552758
0.7957684415538504
0.7973380045549427
0.7989075675560352
0.8004771305571275
0.80204669355822
0.8036162565593123
0.8051858195604048
0.8067553825614971
0.8083249455625896
0.809894508563682
0.8114640715647744
0.8130336345658669
0.8146031975669592
0.8161727605680517
0.817742323569144
0.8193118865702365
0.8208814495713288
0.8224510125724213
0.8240205755735136
0.8255901385746061
0.8271597015756985
0.8287292645767909
0.8302988275778833
0.8318683905789757
0.8334379535800681
0.8350075165811605
0.8365770795822529
0.8381466425833453
0.8397162055844377
0.8412857685855301
0.8428553315866225
0.844424894587715
0.8459944575888073
0.8475640205898998
0.8491335835909921
0.8507031465920846
0.8522727095931769
0.8538422725942694
0.8554118355953617
0.8569813985964542
0.8585509615975466
0.860120524598639
0.8616900875997314
0.8632596506008238
0.8648292136019162
0.8663987766030086
0.867968339604101
0.8695379026051934
0.8711074656062858
0.8726770286073782
0.8742465916084706
0.8758161546095631
0.8773857176106554
0.8789552806117479
0.8805248436128402
0.8820944066139327
0.883663969615025
0.8852335326161175
0.8868030956172098
0.8883726586183023
0.8899422216193947
0.8915117846204871
0.8930813476215795
0.8946509106226719
0.8962204736237643
0.8977900366248567
0.8993595996259491
0.9009291626270415
0.9024987256281339
0.9040682886292264
0.905637851630319
0.9072074146314113
0.9087769776325038
0.9103465406335961
0.9119161036346886
0.9134856666357809
0.9150552296368734
0.9166247926379658
0.9181943556390582
0.9197639186401506
0.921333481641243
0.9229030446423354
0.9244726076434278
0.9260421706445202
0.9276117336456126
0.929181296646705
0.9307508596477974
0.9323204226488898
0.9338899856499823
0.9354595486510746
0.9370291116521671
0.9385986746532594
0.9401682376543519
0.9417378006554442
0.9433073636565367
0.944876926657629
0.9464464896587215
0.9480160526598139
0.9495856156609063
0.9511551786619987
0.9527247416630911
0.9542943046641835
0.9558638676652759
0.9574334306663683
0.9590029936674607
0.9605725566685531
0.9621421196696455
0.9637116826707379
0.9652812456718304
0.9668508086729227
0.9684203716740152
0.9699899346751075
0.9715594976762
0.9731290606772923
0.9746986236783848
0.9762681866794771
0.9778377496805696
0.979407312681662
0.9809768756827544
0.9825464386838468
0.9841160016849392
0.9856855646860316
0.987255127687124
0.9888246906882164
0.9903942536893088
0.9919638166904012
0.9935333796914936
0.995102942692586
0.9966725056936785
0.9982420686947708
0.9998116316958633
1.0013811946969557
1.002950757698048
1.0045203206991404
1.0060898837002328
1.0076594467013253
1.0092290097024177
1.01079857270351
1.0123681357046026
1.013937698705695
1.0155072617067873
1.0170768247078796
1.0186463877089722
1.0202159507100645
1.021785513711157
1.0233550767122492
1.0249246397133418
1.0264942027144341
1.0280637657155265
1.029633328716619
1.0312028917177114
1.0327724547188037
1.034342017719896
1.0359115807209887
1.037481143722081
1.0390507067231733
1.040620269724266
1.0421898327253583
1.0437593957264506
1.045328958727543
1.0468985217286355
1.0484680847297279
1.0500376477308202
1.0516072107319125
1.0531767737330051
1.0547463367340975
1.0563158997351898
1.0578854627362824
1.0594550257373747
1.061024588738467
1.0625941517395594
1.064163714740652
1.0657332777417443
1.0673028407428367
1.068872403743929
1.0704419667450216
1.072011529746114
1.0735810927472063
1.0751506557482988
1.0767202187493912
1.0782897817504835
1.0798593447515759
1.0814289077526684
1.0829984707537608
1.0845680337548531
1.0861375967559455
1.087707159757038
1.0892767227581304
1.0908462857592227
1.0924158487603153
1.0939854117614076
1.0955549747625
1.0971245377635923
1.0986941007646849
1.1002636637657772
1.1018332267668696
1.1034027897679621
1.1049723527690547
1.106541915770147
1.1081114787712394
1.1096810417723317
1.1112506047734243
1.1128201677745166
1.114389730775609
1.1159592937767016
1.117528856777794
1.1190984197788862
1.1206679827799786
1.1222375457810712
1.1238071087821635
1.1253766717832558
1.1269462347843482
1.1285157977854408
1.130085360786533
1.1316549237876254
1.133224486788718
1.1347940497898104
1.1363636127909027
1.137933175791995
1.1395027387930876
1.14107230179418
1.1426418647952723
1.1442114277963646
1.1457809907974572
1.1473505537985496
1.148920116799642
1.1504896798007345
1.1520592428018268
1.1536288058029192
1.1551983688040115
1.156767931805104
1.1583374948061964
1.1599070578072888
1.161476620808381
1.1630461838094737
1.164615746810566
1.1661853098116584
1.167754872812751
1.1693244358138433
1.1708939988149356
1.172463561816028
1.1740331248171205
1.1756026878182129
1.1771722508193052
1.1787418138203978
1.1803113768214901
1.1818809398225825
1.1834505028236748
1.1850200658247674
1.1865896288258597
1.188159191826952
1.1897287548280444
1.191298317829137
1.1928678808302293
1.1944374438313217
1.1960070068324142
1.1975765698335066
1.199146132834599
1.2007156958356913
1.2022852588367838
1.2038548218378762
1.2054243848389685
1.2069939478400609
1.2085635108411534
1.2101330738422458
1.2117026368433381
1.2132721998444307
1.214841762845523
1.2164113258466154
1.2179808888477077
1.2195504518488003
1.2211200148498926
1.222689577850985
1.2242591408520775
1.2258287038531699
1.2273982668542622
1.2289678298553546
1.2305373928564471
1.2321069558575395
1.2336765188586318
1.2352460818597242
1.2368156448608167
1.238385207861909
1.2399547708630014
1.241524333864094
1.2430938968651863
1.2446634598662787
1.246233022867371
1.2478025858684636
1.249372148869556
1.2509417118706483
1.2525112748717406
1.2540808378728332
1.2556504008739255
1.2572199638750179
1.2587895268761105
1.2603590898772028
1.2619286528782951
1.2634982158793875
1.26506777888048
1.2666373418815724
1.2682069048826647
1.269776467883757
1.2713460308848497
1.272915593885942
1.2744851568870343
1.276054719888127
1.2776242828892193
1.2791938458903116
1.280763408891404
1.2823329718924965
1.2839025348935889
1.2854720978946812
1.2870416608957738
1.288611223896866
1.2901807868979585
1.2917503498990508
1.2933199129001434
1.2948894759012357
1.296459038902328
1.2980286019034204
1.299598164904513
1.3011677279056053
1.3027372909066977
1.3043068539077902
1.3058764169088826
1.3074459799099751
1.3090155429110675
1.3105851059121598
1.3121546689132524
1.3137242319143447
1.315293794915437
1.3168633579165296
1.318432920917622
1.3200024839187143
1.3215720469198067
1.3231416099208992
1.3247111729219916
1.326280735923084
1.3278502989241763
1.3294198619252688
1.3309894249263612
1.3325589879274535
1.334128550928546
1.3356981139296384
1.3372676769307308
1.3388372399318231
1.3404068029329157
1.341976365934008
1.3435459289351004
1.345115491936193
1.3466850549372853
1.3482546179383776
1.34982418093947
1.3513937439405626
1.352963306941655
1.3545328699427472
1.3561024329438396
1.3576719959449322
1.3592415589460245
1.3608111219471168
1.3623806849482094
1.3639502479493018
1.365519810950394
1.3670893739514864
1.368658936952579
1.3702284999536714
1.3717980629547637
1.373367625955856
1.3749371889569486
1.376506751958041
1.3780763149591333
1.3796458779602259
1.3812154409613182
1.3827850039624106
1.384354566963503
1.3859241299645955
1.3874936929656878
1.3890632559667802
1.3906328189678725
1.392202381968965
1.3937719449700574
1.3953415079711498
1.3969110709722423
1.3984806339733347
1.400050196974427
1.4016197599755194
1.403189322976612
1.4047588859777043
1.4063284489787966
1.4078980119798892
1.4094675749809815
1.4110371379820739
1.4126067009831662
1.4141762639842588
1.4157458269853511
1.4173153899864435
1.4188849529875358
1.4204545159886284
1.4220240789897207
1.423593641990813
1.4251632049919056
1.426732767992998
1.4283023309940903
1.4298718939951827
1.4314414569962752
1.4330110199973676
1.43458058299846
1.4361501459995523
1.4377197090006448
1.4392892720017372
1.4408588350028295
1.442428398003922
1.4439979610050144
1.4455675240061068
1.4471370870071991
1.4487066500082917
1.450276213009384
1.4518457760104764
1.4534153390115687
1.4549849020126613
1.4565544650137536
1.458124028014846
1.4596935910159385
1.4612631540170309
1.4628327170181232
1.4644022800192156
1.4659718430203081
1.4675414060214005
1.4691109690224928
1.4706805320235854
1.4722500950246777
1.47381965802577
1.4753892210268624
1.476958784027955
1.4785283470290473
1.4800979100301397
1.481667473031232
1.4832370360323246
1.484806599033417
1.4863761620345093
1.4879457250356019
1.4895152880366942
1.4910848510377865
1.4926544140388789
1.4942239770399715
1.4957935400410638
1.4973631030421561
1.4989326660432485
1.500502229044341
1.5020717920454334
1.5036413550465257
1.5052109180476183
1.5067804810487109
1.5083500440498032
1.5099196070508956
1.511489170051988
1.5130587330530805
1.5146282960541728
1.5161978590552652
1.5177674220563577
1.51933698505745
1.5209065480585424
1.5224761110596348
1.5240456740607273
1.5256152370618197
1.527184800062912
1.5287543630640046
1.530323926065097
1.5318934890661893
1.5334630520672816
1.5350326150683742
1.5366021780694665
1.5381717410705589
1.5397413040716512
1.5413108670727438
1.5428804300738361
1.5444499930749285
1.546019556076021
1.5475891190771134
1.5491586820782057
1.550728245079298
1.5522978080803906
1.553867371081483
1.5554369340825753
1.5570064970836677
1.5585760600847602
1.5601456230858526
1.561715186086945
1.5632847490880375
1.5648543120891298
1.5664238750902222
1.5679934380913145
1.569563001092407
1.5711325640934994
1.5727021270945918
1.5742716900956841
1.5758412530967767
1.577410816097869
1.5789803790989614
1.580549942100054
1.5821195051011463
1.5836890681022386
1.585258631103331
1.5868281941044236
1.588397757105516
1.5899673201066082
1.5915368831077008
1.5931064461087932
1.5946760091098855
1.5962455721109778
1.5978151351120704
1.5993846981131628
1.600954261114255
1.6025238241153474
1.60409338711644
1.6056629501175324
