0
-0.4140486397564622
-0.5680972795129244
-0.16054591926938666
-0.3855807990258488
-0.0776902126596612
-0.00631831368192598
0.45044637281104977
0.04973698035834878
-0.06233781010060113
0.38517704525674945
0.01896496541357251
0.008839971522273893
0.4947297517783108
-0.01907258319652727
-0.5321362464906748
-1.0422488611124034
-1.5406153695053764
-1.9929192007842884
-2.275238292126267
-2.077163072658317
-1.7711978390238126
-1.694881995431033
-1.2415935945913967
-1.6292578724003366
-1.7016610921462387
-1.2293307599256766
-1.6896374172078468
-2.000270929788209
-1.8661699166965473
-1.4680118350090883
-1.6617179995797364
-1.3048739442256378
-1.3691681491276013
-0.8933152561512268
-1.36737794300362
-1.7278782768623915
-1.7220420220042945
-1.237672297896085
-1.7454043994026915
-2.234346480781579
-2.6504902441220084
-2.811260837518495
-2.4114188039947386
-2.6106894014646107
-2.261966735697826
-2.3024274558984517
-1.8192664876284699
-2.3221847046401725
-2.792207198659504
-3.1379044615013116
-3.0919163380353964
-2.620382629544738
-3.0775921370179526
-3.377206995476276
-3.217447896287454
-2.8523330565130043
-2.9414414731094194
-2.4780259932629356
-2.903962575052263
-3.096617921977001
-2.7382679851154403
-2.8070394243404206
-2.3330664032235697
-2.799775608906221
-3.133430600441154
-3.0560721205861903
-2.6035418064052824
-2.9883741271909066
-3.05234491941751
-2.5763624444029802
-3.0509330579342464
-3.413303651008473
-3.4126650234173463
-2.9275765264623668
-3.438176691196815
-3.938478998785131
-4.398298156461317
-4.707192214803457
-4.568976138003772
-4.17576295339193
-4.353260367499591
-3.9741710146036913
-4.106449579427069
-3.676411479908844
-3.9793122476638
-3.827103094817295
-3.451718348978602
-3.572400435999483
-3.13193184405792
-3.4723241394561284
-3.4123735055230657
-2.948325715305837
-3.3766791404766527
-3.5773216011020503
-3.230639256804386
-3.2651952679874823
-2.780926116875264
-3.288257239416693
-3.7756163104631577
-4.185756007691333
-4.327357150684038
-3.906484354767826
-4.177159615354608
-3.954637145186224
-3.69254934514698
-3.5116033184356326
-3.1777436379956643
-3.1759530747997347
-2.6910052359568652
-3.201043818331461
-3.6991165508012815
-4.1502824798657025
-4.428617218069915
-4.222054425157313
-3.9307806818109636
-3.817716352061746
-3.3963958198844155
-3.6686297231221423
-3.4493168839941646
-3.1811958430591587
-3.013723397621721
-2.6595716548580675
-2.7159063813663678
-2.237107473653966
-2.722750933594725
-3.126406271049826
-3.2476284263728417
-2.8076217158848813
-3.146335399983685
-3.082013603811405
-2.6206299444785115
-3.0388220683045364
-3.206198530924538
-2.814284855737292
-2.9875551001115728
-2.6030098173763268
-2.7525669173220924
-2.3400657282100585
-2.581893393997494
-2.3034751725524316
-2.159671271913181
-1.7733896097071637
-1.9284956521411067
-1.522133055298037
-1.7431641264910902
-1.4285796739411647
-1.3746271511330623
-0.907172423330054
-1.3486030349709586
-1.5932730742947578
-1.3200666338048093
-1.164177198070759
-0.7937416358328978
-0.8991026819222064
-0.446503143879848
-0.831593871008149
-0.8963314331696162
-0.4206575403444007
-0.8940188157737121
-1.2519398446851326
-1.238981364534151
-0.7559475423933933
-1.2583600778530597
-1.7264058961151616
-2.0649082882359506
-2.00003787768558
-1.5389993834473716
-1.9558791627529137
-2.1190195104710177
-1.7219814997591576
-1.9119990762886785
-1.5499079828813036
-1.629881018096016
-1.1613137615186213
-1.607034814851612
-1.8664477451800163
-1.6213109252879683
-1.4040679750172689
-1.1320998132429014
-0.9733708960310676
-0.6068278725552609
-0.7002765687993422
-0.23954268443675275
-0.6552651050286464
-0.8146810496276293
-0.4132563026528049
-0.6177774827371282
-0.2769452769693851
-0.2947555748057467
0.1911391851517507
-0.32268306627491955
-0.8358263577189173
-1.3462568828477892
-1.8458854271077234
-2.30308544149459
-2.60266664459832
-2.4428306632814287
-2.077822748821186
-2.166606873756215
-1.702997084492181
-2.129676023505958
-2.3247797187231445
-1.9699520909111508
-2.0282795337685537
-1.5501706231412236
-2.0330954804967867
-2.426523749973407
-2.5162880035162862
-2.053268059956964
-2.477694432461145
-2.66538260635824
-2.3000339973810062
-2.3898517265242605
-1.9268641859067375
-2.351166895206405
-2.538449141269912
-2.1725373104429515
-2.264065787023319
-1.802126927236817
-2.222431965877932
-2.3966576521732987
-2.013333036881466
-2.1590036919486364
-1.7423497513629074
-1.9984172419730564
-1.7467583784036749
-1.54320892745475
-1.2466532835257316
-1.1466020074572758
-0.7127258103787514
-1.0293210879498111
-0.9095075999179425
-0.49523251669848234
-0.7431260031107633
-0.475908292097159
-0.3063999721556615
0.04477875827364264
-0.0028340092140627937
0.47861114834803825
-0.0174939041331017
-0.46105608408550325
-0.7130322486885607
-0.45351891676353184
-0.2669121659210538
0.05798885121683095
0.08439273182518658
0.5637984664532604
0.07576094829986296
-0.3369495188325378
-0.48672316901589063
-0.07445692259387116
-0.31548309105982053
-0.03560692497254703
0.10477726930987985
0.4953306286362854
0.3264708782324115
0.7165563185564087
0.5492102600700299
0.9411612259565462
0.767769867071068
1.1521608187568917
1.0030957468856467
1.4161293593651614
1.1724837189088806
1.4475759482310084
1.5991175397884567
1.9753884012056169
1.8519425094634532
2.290022834738899
1.9582917908991404
2.0405547116861067
2.4894024051524024
2.1182617041516423
2.0941541035803737
2.5797007330532162
2.0672703611515475
1.5596843176508601
1.0713190023160366
0.6573651276327406
0.5036197001887337
0.9115102904713958
0.6853307953308975
0.991284156350584
1.0676303945911687
1.5208968189623024
1.1333147025635233
1.061157030117076
1.5336017516399507
1.0728499496080186
0.7606264491039373
0.890944819020027
1.293528845336386
1.085149091824136
1.4200421249734139
1.4189523208559254
1.9042319554149914
1.3928684135348353
0.8895313262811763
0.41786994710784553
0.06618363024494
0.09613818648113837
0.5743444216944021
0.09103633421209772
-0.3038300226642142
-0.39796719711017203
0.06232746957852364
-0.3517274596552384
-0.5057962258972901
-0.09826740893791419
-0.32322625673835387
-0.015207359923431418
0.055834007867465674
0.5128241305733647
0.11126542784861115
-0.0034394075146076952
0.4419852738728275
0.08347370274435306
0.09480621863029248
0.578180766626855
0.0744128160128692
-0.3989358374506644
-0.7568104875723904
-0.7437244289436308
-0.2607182361259208
-0.7630209022237363
-1.23063751893437
-1.5675817975640316
-1.4986768117338203
-1.0402506674821783
-1.4472289933326588
-1.578852585944896
-1.1481967038575092
-1.4532937906074372
-1.3061792243531327
-0.9241221799962701
-1.0657696717002725
-0.6449441795300559
-0.9154548617624478
-0.6925946184426123
-0.43114653372091016
-0.24878895427016268
0.08286079420029313
0.09078265195307522
0.5748032011533982
0.06846289344465684
-0.4149900916527539
-0.8104004891090739
-0.9061962898092365
-0.44697532285511976
-0.8569604451555262
-0.9980718777490727
-0.5767003307997741
-0.8491119265197546
-0.6301662343330443
-0.36136030896008764
-0.19543576877476043
0.16095420947533856
0.09800649087643248
0.5743933714734122
0.09823673321954446
-0.2699871156380303
-0.2857960703617598
0.20014289504664218
-0.3138561659838045
-0.8277065006684049
-1.340962077437026
-1.8518409810377339
-2.3532508650803683
-2.8173834345654942
-3.141734249521943
-3.0409326490137785
-2.6077435995256106
-2.9218784420055774
-2.796133998022089
-2.388351062824651
-2.614167213093466
-2.307597766884326
-2.232830234833773
-1.7784321240880483
-2.1702501960687433
-2.2551378115172827
-1.7892590931821557
-2.224628809117708
-2.448723245804997
-2.139248832794684
-2.071966135237281
-1.6124739207107903
-2.023486323167368
-2.1678558785119657
-1.7498386824273473
-2.010610868188016
-1.7681495405560372
-1.5453876337909755
-1.2837532133227292
-1.1018064518586321
-0.7695118808135262
-0.7633749992433463
-0.27905346008472176
-0.7865934407686062
-1.2747768948064495
-1.6880408230174706
-1.8395808489173593
-1.4292450137283847
-1.663702383783703
-1.3720710571079808
-1.2598806643763685
-0.8376744774269311
-1.112996212480171
-0.9000993735404698
-0.6201650144994553
-0.4799176685837462
-0.0891953131183959
-0.25860218716628425
0.13080444922865497
-0.034348829945421544
0.3602720820840073
0.17818023210002076
0.5511775103292708
0.43791070005519794
0.8844850788552892
0.5217421782022231
0.5213427881168458
1.006548940294049
0.4954789114626763
-0.006690773085600399
-0.4737880303166728
-0.8088488692557578
-0.7350928371084756
-0.27998011849743465
-0.6744782789948598
-0.7674942700794356
-0.3064862801390088
-0.7232501255713395
-0.88601691285803
-0.4885339022337831
-0.6800157390505259
-0.3199945364831176
-0.3937561639844012
0.0779326326374839
-0.37987943551661435
-0.6816319968059719
-0.5267748224240598
-0.15494015837951014
-0.26461249474550846
0.18476330008493885
-0.18833416596031044
-0.2180470443541952
0.2669228424009822
-0.24320375656287174
-0.7416257627648164
-1.1941446350081972
-1.4772178538731897
-1.2807633902877393
-0.9720582561105052
-0.9027868902207415
-0.44460442334075223
-0.8506619353975651
-0.9793943990027976
-0.5460525565695629
-0.8607341705417431
-0.7363035510413595
-0.3270582117751205
-0.5578180222390665
-0.2597215880331616
-0.1635084165855104
0.27381227561798127
-0.055173459474381126
0.03403640469470126
0.47733849040647225
0.12661110630473327
0.15915215897262203
0.6364211214553773
0.15680053661853938
-0.22427704732162052
-0.27716667055248223
0.20275020170202118
-0.28730614627946266
-0.7076881391944743
-0.8821639545072182
-0.4991601088915445
-0.6438114532087674
-0.226088358719571
-0.48584432045004783
-0.24138131249307831
-0.02274304026359425
0.24663552394172156
0.41126296440289406
0.7695137580786773
0.7010376457863312
1.1751396069632916
0.7079269304401832
0.37244771380915176
0.44512861105301627
0.9009919209433899
0.5036743195033663
0.40204529178692305
0.8573153546095778
0.4622265364909332
0.36741142662933607
0.8272698960998992
0.4148694636397739
0.26608422088242295
0.6794197723730844
0.4347421449047906
0.7079345852563916
0.8638561930933422
1.2342480130690159
1.1290215049963295
1.5817192505571045
1.196261857973815
1.130435371511835
1.6056629501175324
1.1340494389419673
0.7825383529583847
0.8129661027475541
1.2910048660830329
0.8083561771994895
0.4159635132754156
0.3293380710255839
0.7942198622284754
0.36267379167636404
0.15140873303603047
0.4817828297700539
0.49322610436721376
0.976578113821102
0.4728998507251275
-9.746123770554282e-05
-0.3566816358741312
-0.3400526462526042
0.1421342462139205
-0.3569132073050659
-0.8118572444657508
-1.1034608900311227
-0.9256566547859203
-0.5869353971279998
-0.5987704389714784
-0.1128386787908221
-0.6268089198324082
-1.1405439893148
-1.6533387412802478
-2.1623781188110227
-2.6564900804969174
-3.092381892501068
-3.318237180145503
-3.011734044260123
-2.9367964474851367
-2.4825192884097222
-2.873884143572246
-2.957402888962122
-2.4907559110254547
-2.929077658259434
-3.1631569769304106
-2.8708596153412014
-2.7602997452595917
-2.3364575079123133
-2.617499828671509
-2.4166909712095292
-2.115394587409883
-2.0272131626927554
-1.5830657467783151
-1.9368888882642685
-1.9127243761228265
-1.4326139957911779
-1.9234351840854078
-2.3467320759986627
-2.5307172433286835
-2.1602795767001814
-2.265647095646854
-1.8130522861895413
-2.198125360722519
-2.262810525283913
-1.7871153956176566
-2.2605598741276096
-2.6187866605401653
-2.6066696868391217
-2.123456883906014
-2.6265812932053243
-3.0974103663775026
-3.446052463539763
-3.407912230251288
-2.9328555838865524
-3.4038001472898096
-3.752864327226503
-3.7158546156319736
-3.240331076359161
-3.7131033900335124
-4.068861665840878
-4.049972207077502
-3.5683605201703745
-4.065125797639863
-4.511235846696201
-4.771992732077445
-4.529501205670937
-4.306801272847096
-4.045049459078802
-3.8633616594931084
-3.530661313994953
-3.5256493888518436
-3.041151249145469
-3.549395454152997
-4.040361120764742
-4.464209162539134
-4.650000001872606
-4.282030174091267
-4.379831252007449
-3.921937775354702
-4.326903860074379
-4.452218294937114
-4.0157872433361
-4.341563692394669
-4.244309240520296
-3.807911393103087
-4.13356818408795
-4.03601538349234
-3.5998835492034305
-3.9245820258067545
-3.824643950095144
-3.390664475064404
-3.7076298813799644
-3.5887127909869037
-3.1734809723201485
-3.4246564600128004
-3.1636216678178743
-2.9803538857109526
-2.65013760681529
-2.6382595834299685
-2.1549969906331006
-2.6583194784844113
-3.1299237119590373
-3.481400837086625
-3.4508814078024956
-2.972875298670986
-3.4553954420402695
-3.8473062805857627
-3.93247428543695
-3.4667547815593194
-3.901513307900196
-4.123549182336141
-3.810632581251078
-3.7523062958817675
-3.2873074547860743
-3.7193020501857204
-3.93206597729616
-3.6040656787653176
-3.5861042232556697
-3.104251447807914
-3.6019729419705615
-4.051779302084732
-4.325367105246581
-4.108858054367716
-3.8355340889685596
-3.679914785500731
-3.309112269089038
-3.4156025584613627
-2.9638330325526328
-3.3458279261638335
-3.4014143488232387
-2.922364538213669
-3.4089975049836596
-3.8163899292954397
-3.949315900445103
-3.5198918198782407
-3.82061267431858
-3.6633851487620785
-3.2947758877357955
-3.394532803618086
-2.9379650777603934
-3.3379327718523597
-3.4477154776056604
-2.998424162931271
-3.371208456175668
-3.4000221722657926
-2.91494284193881
-3.425506403773752
-3.9256633149166094
-4.384916960714149
-4.691795590086752
-4.54884184111757
-4.161489481136265
-4.320029171254642
-3.9175884655498634
-4.125490604837258
-3.789855961715276
-3.793018194770321
-3.307540889930258
-3.8196942069869237
-4.326175924936746
-4.8101859106891585
-5.207689217366921
-5.309887783458286
-4.855018061266143
-5.248604421712857
-5.338848587176326
-4.876120259483857
-5.299434005999517
-5.483474356198451
-5.113111722431543
-5.218248471035444
-4.765485285085519
-5.151187047319307
-5.217739860864353
-4.7428152536817025
-5.213243238326879
-5.56042030384755
-5.518367135812571
-5.045005426918904
-5.509329458560328
-5.83436981246541
-5.735281837298261
-5.300530051600218
-5.62026597890926
-5.508093489750738
-5.085869223045492
-5.36125405845214
-5.1484891268362505
-4.8683153512274355
-4.728631309797408
-4.337214898613018
-4.508871168507353
-4.122280468574521
-4.278376630357676
-3.873135264169833
-4.090400340265397
-3.769636660015316
-3.732082458284434
-3.256782511039168
-3.7286793091979824
-4.081227693564145
-4.053604641723937
-3.5745994010025113
-4.061056556976188
-4.46778442151085
-4.598620955556946
-4.1672272443238345
-4.474951436300772
-4.333981395945239
-3.944153200436362
-4.110667832448607
-3.7176999873832317
-3.894398302806595
-3.51426661054125
-3.649827786909001
-3.222937612880302
-3.5146944026458242
-3.3372303087281043
-2.997987457121999
-3.011295608355209
-2.5253464414046833
-3.0393863080083383
-3.5533998554614445
-4.067308130930363
-4.580795392345182
-5.092599779317643
-5.597691554620334
-6.076233638245082
-6.453298915588024
-6.494471872002863
-6.011463425976061
-6.51377505184193
-6.98142666601629
-7.31849793937581
-7.249921066411693
-6.791277607577509
-7.199077527614085
-7.333286450259461
-6.9050890643516984
-7.20146389297137
-7.034344840399931
-6.679680411130062
-6.737526359969788
-6.25924781685799
-6.7428406765784406
-7.1387764143412635
-7.236176076592605
-6.778014288152834
-7.183993681898373
-7.312481185344622
-6.8789148391915225
-7.194400181391253
-7.071905163467202
-6.660530485034757
-6.898519123426659
-6.613164255138485
-6.485782737412686
-6.079841334950977
-6.299456516957125
-5.982535569883554
-5.934747679265787
-5.464091344977141
-5.91789563218988
-6.205484389825099
-6.018829813938057
-5.69400557677309
-5.667393523381576
-5.188055331007134
-5.675826235244273
-6.087526010459537
-6.234080352342696
-5.818360036483514
-6.071214097083822
-5.81337485293791
-5.623115578346017
-5.304131113563979
-5.261823948194649
-4.788576495036616
-5.252455063472006
-5.575891562169625
-5.472823590966861
-5.041737432973622
-5.348366025400754
-5.204826779976303
-4.818211185955936
-4.9743871386242935
-4.569236470682979
-4.786197348736621
-4.464939494296171
-4.42870991425513
-3.9528701515556164
-4.426881378755551
-4.787192345902789
-4.780831383139558
-4.296546230396068
-4.803941145142073
-5.291551973082765
-5.702645197150571
-5.847271444630906
-5.429522130942927
-5.689368661094621
-5.445083712542068
-5.226077323692977
-4.95738454888278
-4.791204018683865
-4.435182873251545
-4.497038096646691
-4.020228614159963
-4.498044038604867
-4.87241120068235
-4.90577759054923
-4.421318932183006
-4.92940567706579
-5.41974891408948
-5.841223727389746
-6.01925671470039
-5.6408688194279355
-5.7709431952864065
-5.338839720794921
-5.649095196743039
-5.514097795726182
-5.1170053245634515
-5.307202016671387
-4.945363201816718
-5.02457735570932
-4.555612172396291
-5.002870225257573
-5.267600447424525
-5.033014110220296
-4.794340157049732
-4.56386363270923
-4.317082495972281
-4.103259824951156
-3.8250098018096024
-3.680812474893936
-3.2950282585223842
-3.448542149636788
-3.0403930147385854
-3.2674454981884518
-2.9629766876575703
-2.882838791964234
-2.4323718455608407
-2.8095194044590395
-2.8509313445430906
-2.367974985118824
-2.8700795017178313
-3.3369222971564754
-3.6710611265926976
-3.5949406844660587
-3.1415111775330864
-3.5297030878183024
-3.603684475102574
-3.132100851763965
-3.5895042713557896
-3.8898067543237023
-3.7316204450934674
-3.36432859545973
-3.4600595106096197
-3.0007961268198726
-3.4109418531099642
-3.5525621007081445
-3.131708800973891
-3.4023162286214976
-3.1796545149546525
-2.9178303203822624
-2.736302243021262
-2.4033518918915004
-2.3990337303521927
-1.914431727668008
-2.4230902202503497
-2.9156944860565637
-3.345805074708505
-3.552283895739785
-3.214450034158084
-3.223783852906556
-2.737921410811568
-3.251614409599581
-3.764240991404239
-4.272609488348759
-4.764066612946906
-5.189790698298704
-5.381746028079636
-5.02239782925795
-5.094147265255034
-4.621513432558704
-5.0830013882862195
-5.39785779394926
-5.27384768182455
-4.864137197464961
-5.096473018307834
-4.801118831770902
-4.698087907200726
-4.266967044488849
-4.5737192279569445
-4.430469325718798
-4.043489290729779
-4.20083392235871
-3.797017527262031
-4.009510916429761
-3.681080830461827
-3.664296180513514
-3.1821475872860505
-3.6810430031261294
-4.135397227997298
-4.424921900886575
-4.242518719965407
-3.9109406311120924
-3.9028206129865386
-3.4188350503121603
-3.925035957232316
-4.407940013286233
-4.801290258608534
-4.89081773030429
-4.427654586344433
-4.85262757217174
-5.0421114847032085
-4.679270264194234
-4.761502771034298
-4.294147569712656
-4.735194842288126
-4.978554811761795
-4.70293819526495
-4.552610677742589
-4.17473740182606
-4.303197193521671
-3.8696054800303044
-4.18518166321013
-4.062905740738306
-3.6512919255617042
-3.8900946674767374
-3.606200932981621
-3.4753282062367545
-3.073385655867667
-3.2796289766724147
-2.941432798121886
-2.951787085974848
-2.4658903186752577
-2.9797205985774875
-3.4928959896411245
-4.003454684879403
-4.503592265414089
-4.962770738558136
-5.269381652601236
-5.125801029700779
-4.739237607240298
-4.895246344571608
-4.489905661541911
-4.707503917566505
-4.387282342454583
-4.34827728840367
-3.873584705866559
-4.343105275099085
-4.686972629018141
-4.636142805622069
-4.16702830530267
-4.614863424770998
-4.88159490445071
-4.651038014573887
-4.404414114839068
-4.190263445974864
-3.9126117835511263
-3.767016688475668
-3.383009816516468
-3.5308512179018
-3.11650186991538
-3.364649853280443
-3.0979085037488168
-2.9273292158428985
-2.577727742290982
-2.6207420016842318
-2.138146669924466
-2.638816247454575
-3.10006463552985
-3.4140637348719496
-3.287993487450953
-2.880575337382813
-3.1051609968394973
-2.796512983252966
-2.7270941433245004
-2.2690100637407777
-2.6746959221834703
-2.802263406181077
-2.36785815792892
-2.686350356365571
-2.571142517809463
-2.1520201063089965
-2.4166173846535886
-2.1817645056035118
-1.9436210096167814
-1.7120731426960951
-1.4673923588206317
-1.2492046571887276
-0.978988169991005
-0.8162634593565825
-0.45530736874671873
-0.5318701996916644
