1.0
2.8883898384510798
6.033164636946497
12.063990789287068
22.779748288305683
34.17296366167488
22.852608323462313
-5.504591669672687
-14.602477937007292
-14.078155029320738
-12.08936402453358
-9.77507389440831
-7.657058513975185
-6.3341721862110845
-5.987965136147291
-6.449413524047648
-7.513365293662104
-9.054024186475083
-10.92557234048538
-12.736598884189847
-13.652457482602554
-12.705298458358747
-9.94237965881682
-6.902726377717853
-5.044280160068519
-4.586002336404397
-5.1111175862870235
-6.297539030046
-8.062844687417114
-10.398133134228829
-13.037143937518398
-14.98174525835482
-14.503890658462987
-10.971926294550649
-6.6075378428840885
-3.9107847964256317
-3.157008135299524
-3.5692229068816292
-4.625622581688619
-6.240671296213628
-8.567744580024964
-11.72472351620782
-15.24739544761431
-17.185250838340124
-14.68012662495946
-8.492654792913285
-3.4163503946712903
-1.4305819231907118
-1.3426975415991025
-1.9595513084386285
-2.8614121259893
-4.094159127576564
-5.924032641113557
-8.7456934055004
-12.926599640624847
-18.056441140480853
-20.953183560279054
-16.00316621871479
-5.585984819769889
0.8984481162365083
2.4551434698749275
2.301621534059124
2.187798538699975
2.6622899661189976
3.967477324749173
6.438895114147794
10.518428242064514
16.0621008455236
20.22851652205775
17.27980049674608
8.263504026831756
1.6531953635874252
-0.5333934532434895
-0.6874311877320203
-0.38827721089693107
-0.12131835764821311
0.06274713664966773
0.22040454532640524
0.425546542152334
0.7724349357390629
1.4154570043733465
2.6429650279912207
5.005070184083833
9.475405304869478
17.18664767522898
26.15373771181579
23.601818751118927
5.482097109864176
-5.542612186994661
-7.314679667474471
-6.866043826674174
-6.791437044253376
-7.568986867178313
-9.088254195578427
-10.913183052749849
-12.261951676873991
-12.327605656836184
-11.01501709390812
-9.13727416928917
-7.625401849354128
-6.889461552621994
-6.924655526087278
-7.610073612643878
-8.801186199173756
-10.228554616984114
-11.367413354813431
-11.575407083875149
-10.645990118274678
-9.13864360113832
-7.859936667040848
-7.234899745390329
-7.2951647427508775
-7.938449914941352
-9.043000522468464
-10.392548555830615
-11.524172439759909
-11.759462326739467
-10.731763880859932
-8.959601462640514
-7.422233803058908
-6.673417745130789
-6.725536623197586
-7.422048272508446
-8.644002776947033
-10.257444134953655
-11.904055462514199
-12.806849513780511
-12.080358231264638
-9.801729259152184
-7.318346263002524
-5.816774018721153
-5.468836465138644
-5.973568191560107
-7.108717776027626
-8.81283193434358
-11.00546191630064
-13.239599152363512
-14.338355213468839
-12.903388478072277
-9.295400542647666
-5.884763653355934
-4.183147441349191
-3.9721963369691564
-4.6340519293890035
-5.880314507303194
-7.735450960760914
-10.319982686387624
-13.485377715812024
-16.119300979566354
-15.77203309279965
-11.195973458560506
-5.615659726382112
-2.509083438607403
-1.7951653977533006
-2.2038183576150647
-3.043557907056468
-4.2043652081755285
-5.87075575824617
-8.370022205039653
-12.035842166441247
-16.700634073694694
-20.219100467508937
-17.657395492486803
-8.351728893684566
-0.6282983149641777
1.9220382765726942
1.9728807062582423
1.693552710032888
1.851477893160125
2.703653292504427
4.524337453963676
7.783938350530617
12.920624580207386
18.93051576071185
20.72874355520346
13.567041170159689
4.223331015296473
-0.2676430549008867
-1.2079527547679587
-1.0605477660676303
-0.8511647844065923
-0.8240226357256845
-1.0133353413440904
-1.4648935592902856
-2.3174235280126334
-3.869275377243554
-6.675723311729601
-11.592975563567519
-19.06914916139892
-25.2738221029945
-18.83622049201915
-3.103914928961373
4.720482716667005
5.835693410603432
5.590193003941289
5.901142576140339
7.177266045703273
9.393037513944812
12.119598985991978
14.173305797846012
13.943764060147288
11.206091925440509
7.851852846765881
5.6378681073203225
4.848353510673367
5.106949423611731
6.140865024928547
7.887206179318744
10.269630264758652
12.771490435884072
14.06636229314787
12.801183333656972
9.583646554743199
6.610012302139933
5.0818705905169885
4.837311268169504
5.447229773261151
6.728672054860475
8.696408200948246
11.288402440148737
13.861887221962256
14.750468346045388
12.45055755773443
8.277583664399849
5.092708222311844
3.8281438235647096
3.8762382719973143
4.649110501324637
5.983605564007498
7.995781710379532
10.845415076261803
14.288808662203241
16.78129562016633
15.36994230734782
9.669176780364877
4.206988585060197
1.7843302468499216
1.4768807481589992
1.9660013498203706
2.707328776479338
3.6587160374632455
4.990194300398703
6.980656114484189
9.990036617566055
14.310964313553294
19.442609065900776
22.21593619067471
16.835582816342196
5.0568511300605445
-2.52362273758042
-4.1927218088361835
-3.934753016305284
-3.9656479666803373
-4.952317808306646
-7.129969590987495
-10.622899628862069
-15.00698474040292
-18.158328278234247
-16.494907720946298
-10.105004353999497
-4.1991240884320895
-1.5011776901997107
-1.0386013829029999
-1.5659246612585211
-2.621435011363792
-4.287364940814182
-6.92163129917486
-10.885319494110924
-15.737101676270665
-18.615196727564957
-15.413561436688811
-8.123342947739033
-2.9157589159202635
-1.0813822215574174
-0.969274708932658
-1.4491358632118063
-2.214236319614956
-3.379492191733103
-5.285313410133196
-8.448113952343057
-13.313864165265594
-18.914092256519808
-20.206105930018257
-12.561867306507704
-3.2999661673909566
0.7498224480368608
1.4165476816869482
1.2761515209457377
1.362906663555594
2.0184785416071955
3.528385843054792
6.373581019503095
11.115611054127232
17.230860098752657
20.407913487764315
15.192905969244851
6.332090126728085
1.339983666287979
-0.008973658894107195
-0.017742674942104346
0.1920572108845801
0.30908639981358565
0.2643769265600771
-0.023426602307946742
-0.7675264291609286
-2.4395546981788887
-5.948799661909714
-12.556890154186508
-21.538683822019685
-23.80389712056482
-12.160203404230478
-1.1458496431246
2.3186050012566675
2.558328423303569
2.5016738060505825
3.111581795773805
4.756336629569616
7.677274196246268
11.667682993824624
15.206862029798705
15.68897125873715
12.527297722107358
8.441497304155384
5.7598790440775645
4.696778574334532
4.731321053745768
5.565772305573191
7.204414456235784
9.697256841293
12.590185592068552
14.268853164414447
12.926697069942863
9.427294449838781
6.446323369385044
5.072900171922595
4.911972748192563
5.475514996626718
6.609929088546191
8.399917119505131
10.966598342861596
14.062328101256636
16.236823996945546
14.719080444228108
9.217692502440384
4.120930747483896
1.9791059194515979
1.7817033007495393
2.240885588825713
2.8251897693538996
3.439887040338931
4.110589139290054
4.834841708873843
5.496273537274944
5.746330227129931
4.784300614549451
1.0682875082072156
-7.277107354783034
-19.233568418637187
-26.97064976433473
-22.746050795172234
-12.564449836787995
-6.045870288128517
-3.82644602341844
-3.4097262929798715
-3.2160187720743476
-2.404377675964334
-0.3068858240608482
3.510598122810984
8.72353001545917
14.079073916087875
17.85807370664472
18.607034497999106
16.226472866381904
12.341825050432057
8.833443661057883
6.509296478004264
5.367267612626004
5.289162612821779
6.218457398207519
7.820420420045607
9.34561570223552
10.287005431728867
10.743991358567738
11.023581287041361
11.330444672814947
11.749016368856065
12.290677024521383
12.915079819442454
13.53209324854207
13.999002148558178
14.119034295652702
13.638084730591466
12.23870449041577
9.645281691017667
6.267683402009472
3.777088283127313
3.186926820533974
3.7109957479883136
4.3538127531914546
4.627914866765256
