0.0
0.10507636412985655
0.5025115350811007
2.0898734064694406
8.247317481758465
27.647690322540956
57.0562666357814
58.43605152699296
45.77799718815882
40.08002169099757
38.91654425422438
38.741531542400416
37.898408731734015
36.15626515714734
33.967072013995185
31.8219115345368
30.083744669396047
29.07259174979126
29.149140425975954
30.669212677240893
33.64715686700319
37.146019674346945
39.33192774891703
39.063733350912784
36.9117657859804
34.05418033140324
31.260143143926495
28.922408995125153
27.353236192745705
26.97649090729315
28.384314975874954
32.01639745314254
37.069632772430104
40.77805442008635
40.89314735301175
38.21999093748105
34.641130606060194
31.172499434441427
28.164533357882952
25.821985776199664
24.4663801158608
24.71987425033325
27.57301972946815
33.61251147342288
40.609338552872416
43.60746731339873
41.42106010717976
37.11488827221946
32.78910549618646
28.944323849073676
25.618196919939088
22.833647752418987
20.708453829275147
19.583696684944293
20.30594388080286
24.577008187070856
33.98068387035619
44.72827831320622
47.49408561580115
42.67897773958062
36.770354696308786
31.885879521318724
27.88447921346254
24.544028722079567
21.853967865435
20.059062141738924
19.919721511189795
23.153831753086816
31.695652075692088
42.58381766528897
46.90241500726417
43.62946895657404
38.29157415204437
33.39052322380688
29.1720231672813
25.513751738502116
22.32101412763284
19.52977465996374
17.0902225937146
14.963030048804093
13.12499157994462
11.594615424377736
10.527383082627537
10.556923587383205
13.853908723029862
25.61416027905602
46.254345159480714
54.61437525867239
47.4241733834485
40.14197388751288
35.55430029716875
32.513457170927865
30.557366902494298
29.78319000789027
30.432834550265998
32.466889820068154
35.13495593088124
37.14638427221312
37.62813714569313
36.68569441464407
34.96855252851271
33.11621932015447
31.611755222738473
30.845885950581508
31.138709093688398
32.57334512893946
34.679876581434584
36.44045680904037
36.994475063617436
36.27031372208874
34.77119794138843
33.076111858820525
31.648546231858845
30.872141772967254
31.08682178591393
32.467169657640284
34.682418073387346
36.70654831108662
37.45146617452031
36.69003027279435
34.974983866496245
32.97544237264097
31.190763617984263
30.01255013652206
29.829922798820434
31.009406069863203
33.577048489365616
36.64376553796191
38.533512143180424
38.277924647681715
36.385310318413694
33.848689066291655
31.355970812363488
29.31925569528297
28.101802280741836
28.167912642738322
30.05553462422457
33.862037304354594
38.188571027174724
40.40543133523631
39.45527726374929
36.61018626980602
33.30016461544323
30.206656308118802
27.629010716550546
25.842065411903715
25.299584935041455
26.76571495240184
31.054488810169683
37.50119111786722
42.31580236439326
42.24289259058185
38.78262548665624
34.56435919970535
30.63551739650375
27.18955168303312
24.273489880548528
21.99189620407172
20.621148229953477
20.822559974242715
23.942331016148444
31.59038516164694
42.01658742277859
47.11884689550928
43.876072817058756
38.04425625877383
32.92119493820717
28.712006304530355
25.166406493001062
22.195988903421796
19.89936696985228
18.71249707389086
19.850017162462805
25.660630765516864
36.976549332796665
46.48161672115231
46.603092384920636
41.517333621624175
36.131219991001736
31.499897883436837
27.53007766786207
24.086307720353805
21.088652901329397
18.488905189765823
16.270384403506473
14.486252340621947
13.394141944310887
13.875378608457126
18.44714961353747
31.334289647785894
48.361035958967236
51.77533657394213
44.62763521154861
38.04866539239112
33.5118240622672
30.268790714022625
28.12152530668216
27.361250372194863
28.541855900393156
31.939301651198207
36.4652028701452
39.60599270317488
39.811107501342384
37.77623836478005
34.8723307737176
31.98342122965297
29.584800451012292
28.069856453912458
27.95283166846336
29.821476505730566
33.67921508176623
37.88263892410874
39.90221566780223
39.02286628976143
36.45341789022575
33.436376353203904
30.633115568334635
28.419052512582823
27.184923451358497
27.51263254575255
30.090135079124185
34.82652873209128
39.45701393876221
40.95244693387814
39.136682362806745
35.848759851480615
32.38766602495839
29.263086449405353
26.720374883999167
25.05048274056748
24.791829435555
26.873976885095573
32.157994605123214
39.249043255659664
43.2980523771389
41.92780597358936
37.849190243729716
33.50744115984268
29.582213123123775
26.14173994289459
23.188397294273546
20.764782567379815
19.01148556875238
18.29650846668035
19.482731155312106
24.23307712788983
34.10266790741654
45.55578878340348
48.68633223589188
43.11322002010604
36.51846104459407
31.49463833321994
27.683457837055418
24.779349148886883
22.9191409475659
22.71433132722096
25.338963541376327
31.785149611846343
40.017653407379626
44.37628194672705
42.837625443487916
38.55091929820974
34.03543991850255
30.01039954357037
26.586783659726756
23.858726988949222
22.133693210064965
22.208677671668607
25.602627056746456
33.36256352904891
42.014747374778736
44.944651729246274
42.07189825274651
37.408908412010646
32.91237412070189
28.94170379443132
25.5064460770466
22.623673608783328
20.426201597972447
19.3539155795844
20.588352536859716
26.417436213995142
37.62852700253282
46.6767530470839
46.13258920133596
40.78798736942546
35.45323143092552
30.94071417534389
27.09678349386975
23.82580803943682
21.182434570951926
19.502619199720645
19.81589151323889
24.337832644499507
34.55983580338815
44.709027218401054
46.49647975640422
42.32068497837074
37.15658244021707
32.50074681283579
28.437738409383346
24.883391804874357
21.769393801470798
19.043488147672093
16.67726337719444
14.72702455714265
13.586858167118434
14.846161248792125
22.73277040113711
39.4590173312435
51.017353599929066
48.66421724086213
42.338237978277085
36.900988063647766
32.47290405798429
28.836896451180866
26.10353895362488
24.770672299404218
25.79791233411535
30.005360111114744
36.16419696057251
40.60618435952983
41.1528391210632
38.90927056634277
35.66081977934883
32.412618781506495
29.645484539702924
27.751309834403145
27.313184359154356
29.139996024180416
33.44073972172899
38.19623971208483
40.26201025236016
39.083796964065606
36.240756815317745
33.02484389810856
30.02944297308344
27.560559260894124
25.92883816171314
25.652669802693264
27.600435095325064
32.56951044814507
39.21438555422531
42.88206969251337
41.37698903468257
37.36387701033324
33.12324135510964
29.257934063906628
25.823189390501057
22.80333096903101
20.174461114996816
17.898633253501366
15.90522645011021
14.055841518059164
12.142156993601551
10.219397607160847
9.96058938211046
15.896871830900702
30.593282443384837
45.85933661671987
50.976743428192655
48.026894539063896
42.833527005423726
37.594783005661505
32.70798364945245
28.24258086280036
24.410335609085845
21.836937794558942
21.459633144786967
23.90859051760631
28.93037123478012
35.05475489266374
39.91308696829658
41.84161554093752
41.02549971502312
38.67226633714669
35.8732081775805
33.35656634864954
31.683455007960987
31.24116981020671
31.81554073714406
32.58845246528733
32.915789493662736
32.704635152013985
32.17589164652245
31.60044333089107
31.19791526684071
31.125105658125534
31.484930274701348
32.33014052944842
33.65975240189052
35.40817830229097
37.38798216138527
39.05654784839938
39.261635746909754
37.30147543128585
34.144633593326134
30.79648978516763
27.50141156770161
24.298187408576904
