1.0
1.444050445992015
2.873057952149395
5.983479693597289
12.124731629120891
21.435395639647677
25.26582260400129
14.89899781385424
2.1823391126637843
-5.832571493736541
-9.864563279967218
-11.083761143139185
-10.407361297753814
-8.90301127385712
-7.5029890646546455
-6.704453755211481
-6.6522988899079145
-7.346657834643986
-8.74450834309487
-10.692114424347599
-12.705883803877093
-13.848501219544106
-13.269046429299577
-11.174120985495154
-8.69548223734766
-6.801490258793515
-5.842898678624073
-5.8064959115991055
-6.6175713548495585
-8.245306260903952
-10.596214081583433
-13.177317835079997
-14.770210915423778
-14.082031549560757
-11.346433616614277
-8.177692045236288
-5.823780535619778
-4.601326914658419
-4.3780328885643645
-5.0076545221535165
-6.484763461376591
-8.900416445077637
-12.150191434761048
-15.260909462395992
-16.10242359020276
-13.498982405810603
-9.215942800667344
-5.565853437498969
-3.3318907514896563
-2.2966174472492527
-2.0766262637170794
-2.4502331281696748
-3.4116628417603474
-5.1627368704619645
-8.07482476235406
-12.401888869214714
-17.127349851780533
-18.59457344885717
-14.349299998408158
-7.870636985617006
-2.8594507695867373
0.1425713263935181
1.918263301011718
3.2823561031129054
4.838777792372716
7.051392649656452
10.228134590653942
14.082214584434935
16.8244243249851
15.85038819515885
11.467241641370485
6.713605453680673
3.4041743321385427
1.580526370753841
0.7186889652887983
0.3680487625355884
0.2685847150112206
0.30458688266630496
0.44928257318057296
0.7381723368667839
1.2741800367640432
2.2668080341022003
4.113107554319279
7.49688996054758
13.192584916653646
20.106159130986804
21.56763563233802
13.784121603146156
4.417941228799524
-1.8355595781189549
-5.460021550873347
-7.75047712172039
-9.494295553530568
-10.921578375424332
-11.862069614958415
-12.016986800501025
-11.324092152618471
-10.121623245862997
-8.929414936130435
-8.144251623997365
-7.944869296629647
-8.355316990910987
-9.304990501103413
-10.607431633180385
-11.882768262385381
-12.573745660569479
-12.2468589735813
-10.999859540169325
-9.42257627865297
-8.130830776069008
-7.4622984012554605
-7.507010369740248
-8.236879544205538
-9.552173870059084
-11.201285988098055
-12.645619014335793
-13.139014278001984
-12.271951739618569
-10.45436492132211
-8.556244146598566
-7.2254267191040995
-6.6980846774765626
-6.980189148537305
-8.018847283307785
-9.716639611368471
-11.773012074630618
-13.456882966538867
-13.760707832547919
-12.300103035519433
-9.869367145932538
-7.626447529260308
-6.212475611502608
-5.745771979465886
-6.156971101908864
-7.394139812731113
-9.418768799340517
-11.979587822610686
-14.21351065847475
-14.695802846066117
-12.790702656373353
-9.639171231320386
-6.8276854724071425
-5.082441216449888
-4.4166400887651065
-4.6598883822171615
-5.736357408442422
-7.7068945787496075
-10.609692936410388
-13.962973074459851
-16.09501210802719
-15.01445931939652
-11.192764889787728
-7.094297267397175
-4.2294053909468285
-2.7135886247206065
-2.1790465273058923
-2.3218083758791925
-3.0454605482261154
-4.46764946191916
-6.898614092623912
-10.690650984175926
-15.486092518291636
-18.603277136524312
-16.3604870084924
-10.217475594687413
-4.541455670735644
-0.9109530290846791
1.1757590409316412
2.566857821506183
3.9286550612008737
5.763054918244798
8.476366007674763
12.188216575811444
15.941131149576773
17.08105772830749
13.947901094763484
8.837615639407328
4.618658387257141
2.055130946484127
0.7285770476437696
0.0794150841655335
-0.27999294727107843
-0.5793341466328332
-0.973580559983282
-1.6225520007902665
-2.7682489733275983
-4.825603363401565
-8.444291579775927
-14.139726888418586
-20.130272817144338
-20.099361271352315
-12.440902519300515
-4.162135677434567
1.2706455910071108
4.46265101888694
6.629210328817097
8.564352386074493
10.549890033169428
12.34449870290015
13.26917763936166
12.74141193402042
10.986195939038497
8.908287764537889
7.30811010992045
6.522393080081393
6.582982135262766
7.439032367944545
9.025659334360743
11.144475750241407
13.194874792028926
14.103242466314958
13.089480965836426
10.655457867700468
8.090570824158018
6.285476576050801
5.472927107905905
5.584554918646159
6.544432641656585
8.341968540573124
10.887143672458668
13.61143010910194
15.120978182178677
14.073832709556074
10.969802921899776
7.639180960495121
5.285608769797329
4.111932511046567
3.9218998654805164
4.553378386976265
6.014727826646952
8.444748083057434
11.843274918374133
15.347944664033863
16.654723421025896
14.108051436000073
9.463339696367369
5.406380042209044
2.875999800274465
1.6108313281703823
1.1362195171969263
1.1345617159430053
1.4855932331363715
2.2372524095316084
3.6032942544726407
5.995809413250797
9.97776089349008
15.57414524923454
19.985629547555817
17.87544352453376
10.417515022647514
3.516110300336377
-0.8505863930419788
-3.4466627848179416
-5.345216608534543
-7.291839715795267
-9.659612233665962
-12.32575661305505
-14.395513650642926
-14.498560642918134
-12.297943749179968
-9.132294155865344
-6.485590201293188
-4.933403715879651
-4.431528564985655
-4.8166575278873145
-6.038159152018367
-8.168442291381835
-11.198218036594568
-14.473446487141583
-16.134196084907906
-14.453946608485753
-10.4313676667459
-6.513477547445451
-3.916123474149506
-2.6113623097913083
-2.2247694855042437
-2.4903342002090683
-3.35536924719872
-4.979594004774618
-7.699925186574195
-11.793992571376181
-16.493970260982838
-18.537318262752805
-15.03665684905635
-8.747663953700155
-3.5790208138427064
-0.4184590891779895
1.4065894121580396
2.7039475262035833
4.083858927297887
6.021164484959375
8.907793153109099
12.788913131536141
16.45280773345593
17.023423568687083
13.295756433523445
8.059334263638961
3.9982663054140613
1.6026457685596496
0.35797783318233095
-0.3037870188535258
-0.7703263524158511
-1.2954085697097706
-2.099638657278374
-3.4708873722038907
-5.857916608139803
-9.862704497774692
-15.57738655179168
-20.202169128325885
-18.118489518076803
-10.436838885060762
-3.334620246208904
1.1473766082986114
3.8162437822997655
5.770602399689971
7.748176526534293
10.073187000975908
12.537783892335643
14.225347697381974
13.983076709967847
11.765459510573057
8.869356264565898
6.5472303573586
5.258366469925611
4.965505589095442
5.548444653986211
6.980748649721492
9.290717341086733
12.273996921349575
14.931505207982664
15.433915215113613
12.993381781139275
9.193130380579472
5.970709627924097
4.022862899907776
3.2156052239733146
3.2691601564269024
4.054034736916063
5.647628056367216
8.278227516899127
12.0397517252741
16.01293031927107
17.4201460637224
14.285229819428183
8.932774734958954
4.4756883451702745
1.749178901721811
0.2936102998580502
-0.5085319422201049
-1.10416117601352
-1.799964537782426
-2.873145928677749
-4.682466232056768
-7.735575564211975
-12.47064539318278
-17.92251630517117
-19.672266640713676
-14.570825497672516
-7.099406166202087
-1.5478130272394552
1.7571845055682171
3.8335891351485905
5.6051119481161304
7.674132714813529
10.305591111605317
13.192116425301602
15.099622503858065
14.510287164067273
11.56594739891814
8.085190568201782
5.4864202260600194
4.09688097682137
3.7314082417084546
4.19481886127834
5.460652229502686
7.664354315158939
10.909927448612937
14.653333145880207
16.8419394969574
15.176948082614215
10.62321296719378
6.1430348344167935
3.1663680763488165
1.5849657365668544
0.8887536359522464
0.682334028257423
0.7641182867235375
1.0856540033362203
1.720223374433483
2.874635959323633
4.945372773348192
8.556546871438016
14.166558709827891
19.954269850093503
19.83980122232465
12.395533041755511
4.338441142301
-0.9709896771471611
-4.095951359401827
-6.230411721181155
