1.0
3.200627679664674
7.047883911586809
14.696561470326067
28.25674096613057
39.65651335097503
17.629004850592754
-12.90665318966397
-18.75327360672762
-17.35959813830817
-14.802923981357187
-11.295759118756195
-7.867020362049156
-5.762667340501117
-5.217769805787688
-5.843724347179781
-7.3014282489785
-9.455924953410767
-12.16966515013405
-14.884845426327363
-16.219183690587837
-14.567223180622841
-10.3124720639555
-6.196321115194154
-4.118830613217827
-3.9252997099114393
-4.8791042125295645
-6.596841337366348
-9.056462985809535
-12.281570691368119
-15.792477979507243
-17.857353222537512
-15.941360614838018
-10.248549519245291
-4.881453509717671
-2.427576116171003
-2.2648755024906735
-3.223933352074956
-4.811386974262958
-7.085967832022825
-10.338833292768856
-14.674107375340885
-19.044852481865973
-19.991238860236386
-14.227588021143795
-5.700818772527747
-0.7688729110212852
0.32528075793533195
-0.20771544061093103
-1.1534771223904259
-2.267485717288512
-3.7485986217589513
-6.016984409965239
-9.673965419257202
-15.302394291991785
-22.181384013071394
-24.867123128042714
-15.59167810104715
-1.9149362698648709
4.223237555091517
4.955848077256809
4.604816824879405
4.816204247011425
6.024075103010102
8.46044885872191
12.373075845069721
17.524772477533368
21.569940944124255
19.23107358758106
9.66552169088317
1.364884845798933
-1.5556833594481667
-1.5671922054793535
-0.9176832710738043
-0.3737591315040098
-0.022857436478863576
0.22611443087242342
0.48268250853592093
0.8601604738972763
1.5129354437775253
2.7050648182321537
4.9244330747686895
9.05023333480011
16.367202644918784
26.884962093531808
31.54683486604243
14.023061640830026
-6.237203922778558
-11.474674565724671
-11.22053016531907
-10.99566954399743
-11.613491974753032
-12.660586031891485
-13.384779703812178
-13.038119571421428
-11.431490871798564
-9.266784909696122
-7.565781988091392
-6.862837260013496
-7.1344391498219455
-8.164803415057468
-9.75038527416266
-11.640400586217426
-13.343256452904523
-14.039676043319202
-13.012226769220057
-10.537981639363686
-7.9489805519053665
-6.395493850780859
-6.113502433031299
-6.836969006646805
-8.299704636127718
-10.326091482461047
-12.633113517671557
-14.520735210699916
-14.820242344354309
-12.774580782209023
-9.32922109457668
-6.462124276347715
-5.194928871958162
-5.347151911535376
-6.468061094422623
-8.317706378140103
-10.798666102197384
-13.620788131244474
-15.829327944378543
-15.74801588994934
-12.526447172775827
-8.008771988943074
-4.8812182037838765
-3.874152630739956
-4.3490800577681155
-5.717117997359755
-7.809151248480313
-10.672734727088926
-14.150602773248547
-17.184464403818332
-17.394852471285947
-13.175829058318236
-7.154411361466995
-3.2780524387114798
-2.198878903461473
-2.732134760558053
-4.0451135167043555
-5.975656252891966
-8.740400916010698
-12.593778433625832
-17.175610752870238
-20.205002637901234
-17.561182800742124
-9.416894317964555
-2.4979128368692893
0.06409674149438123
0.042753103831968356
-0.7984314227006992
-1.8569567332591055
-3.181742830710725
-5.112400903439784
-8.181325353692179
-13.02203697092438
-19.646201695694117
-24.77725082283661
-20.189465642761668
-6.44887410290067
2.678441818839991
4.761292186544491
4.499545104929658
4.386085625884165
5.125961557224079
6.9665388204217535
10.183770074140142
14.948079841324878
20.25131735511931
21.876515249030867
14.96851544664756
4.512848627211158
-1.0722157443279
-2.1060710079400513
-1.6227900863850133
-1.0803209994354066
-0.8291551625028373
-0.8788108411353259
-1.2238160136813618
-1.9528183522737892
-3.310118365506825
-5.786728295489967
-10.237573623857221
-17.704813722381026
-27.178955835895632
-28.519507539927805
-10.742982596127764
5.723963963915904
9.672809157548935
9.43876526865698
9.457591001287177
10.54258042489631
12.466529227844406
14.489476694519457
15.321409098972795
13.756673404164614
10.228543832421002
6.830410729306085
5.050563187213312
4.884977488771996
5.812910111306471
7.514992031465792
9.9050310026584
12.834548437693465
15.596921252108661
16.539499226567337
14.076505357908742
9.261562518451536
5.250776269647854
3.561766400081695
3.6738911505109306
4.809693525568113
6.665698722125354
9.294081197183681
12.748308595064172
16.465580899137457
18.414108288974873
15.808382792090605
9.399599832076179
3.95481634227864
1.7685241494825632
1.8072513366874552
2.8279833702153874
4.389982855705534
6.608820284188141
9.843623060875737
14.335876831285649
19.261867731628605
21.078015092165362
15.433755859146906
5.8887928099419735
0.14536155849050625
-1.191170647981845
-0.744622601677793
0.015529880660478168
0.7320673567418146
1.4934557990213448
2.5433774897407138
4.248253720827914
7.179351520703183
12.168618791761377
19.783515162937768
27.249483920417713
23.654959236361833
6.291833374381373
-5.387588592817366
-7.6861850032319605
-7.4064056004366465
-7.619656130868801
-8.994162360098434
-11.537370226279647
-14.833203665096725
-17.490022343020364
-16.970603429371597
-12.188205773353344
-6.347078029895875
-2.9822178705616342
-2.2491098181301408
-2.9438064500186854
-4.357308138848349
-6.41048834149629
-9.348004308242578
-13.373995379579478
-17.8939614932139
-20.189700034359454
-16.335791260451238
-7.948732774921718
-1.8154833873310532
0.11667616154438357
-0.1386609490114474
-1.0447781838925407
-2.158152113259324
-3.599408981320795
-5.751470918898838
-9.181302844912409
-14.473752542536392
-21.174430598342777
-24.711552186022683
-17.194200886089092
-3.603699920699742
3.4682356667835874
4.621287624649696
4.261229113704866
4.284506031038106
5.201750697354806
7.2468545521245105
10.724739572781454
15.768805285156645
21.05129095383214
21.72231316486422
13.487646025826606
3.1110075580115106
-1.7004731949157141
-2.342956571563187
-1.8161366734847295
-1.3836171055439652
-1.3290548494108694
-1.6874115601045236
-2.5434574827015224
-4.1528632618155585
-7.036468115317422
-12.031091792460522
-19.783042343685185
-27.624427150810888
-24.23358643588092
-6.249884600369072
5.855664705713872
8.17140232127735
7.877065939986436
8.114353991587201
9.514760870914548
12.006023164108148
15.032735451165454
17.09602531377576
15.958366303420487
11.255197328744497
6.1409022925934735
3.3789992359282244
2.909087953399098
3.7267430237778822
5.2832125485564
7.549032222119749
10.713236816903015
14.728376488582143
18.420872909433875
18.70553190395576
13.329358441565923
5.989959961114583
1.7346385536921038
0.7770953620995189
1.3755100690878077
2.540427864290653
4.1137622310177395
6.368233850959509
9.7750591247533
14.706538836867582
20.365173050299394
22.531803629593433
15.653568795561906
4.518331572576473
-1.5139888434286857
-2.6442670318038135
-2.2006290764013055
-1.7776473017745749
-1.7842272815455145
-2.3030584929279914
-3.4657317689578964
-5.605679608862604
-9.341293363919574
-15.441995385525825
-23.447557166187416
-27.09912540412347
-16.00164890701759
0.12867592874104297
6.511570747229202
7.00839975533819
6.766540960516193
7.41916082765371
9.286925320513538
12.34330147636247
16.051347800236694
18.539639727935896
16.76870727076772
10.53398536427674
4.49643528764795
1.7540463340636427
1.5305043300960095
2.430179788934075
3.869995947214631
5.896747740496374
8.859544179157858
13.111944273427376
18.2718775708028
21.520361881807844
17.760518442121807
8.006079190417413
0.7668394534353142
-1.4270795990871814
-1.2201776246848648
-0.5227182576310786
0.08597601956343434
0.5963305096705629
1.1614861444586349
1.9952012925070421
3.4093674793764266
5.920885959179291
10.375413494251758
17.7500549122261
26.906737360839276
27.91784449003455
10.67010108171195
-5.243036058100245
-9.161588424401863
-8.963026134547079
-8.992490479377722
-10.119524722919254
