0.0
0.11547219883934844
0.6044360768688558
2.733416327848893
11.459481625134632
38.31299993883352
69.82742518735672
62.28635921989652
48.23692849256207
44.127164824065915
44.750606624002806
45.68508047529684
44.802135268409856
42.22621578642721
38.998660210088374
35.918779884742555
33.45026621163824
31.991554422848388
32.06415495844888
34.26826646404021
38.67919635263141
43.68128111167746
46.27233763605208
45.17415883043496
41.838556234611914
38.00460990057371
34.51500804076858
31.73390969723831
30.01959646908978
29.972543477692692
32.47262348894916
37.99648208150354
44.69301162207081
48.17951361033588
46.59592543417077
42.334530857790035
37.75280961505153
33.67009511534643
30.281201093983817
27.781449570548435
26.63442349472894
27.81593002331938
32.78210121132167
41.67813161102052
49.615923527765474
50.37802193196057
45.63752023559446
39.93850388990649
34.91285368269241
30.62719149228228
26.964499233062252
23.90346596289581
21.574183376523358
20.435426784365767
21.739360181606457
28.13311951193364
41.655807158076556
54.579488462594846
54.49695631166818
46.84909754987817
39.840469759922435
34.58630716168538
30.503055952809778
27.349957937567556
25.29951382474335
25.027271062556007
27.98739761387291
35.915822440037836
46.946711446813175
52.58770651221966
49.37401856835585
43.03750429699248
37.267000957565294
32.46150335167043
28.366558250242484
24.812544368945378
21.7094653700243
18.997824993608052
16.632474221077125
14.583898034098873
12.856931213125419
11.559301677359269
11.14039747269889
13.166539724598955
22.10594742707775
43.5970927075152
62.82582826168775
57.678387469521915
46.58406127497444
40.23833957961655
37.192984244148874
36.081545841145896
36.513445256870284
38.24728375230562
40.619331689131016
42.47307316637184
42.8453731119397
41.6842981985779
39.64218391597905
37.4394885168103
35.60632171508744
34.552858055129995
34.65796518657976
36.19462264691249
38.98672025978808
41.99903953769882
43.67894013675622
43.24210880616875
41.21077234831826
38.57366336316605
36.071490501206995
34.18246427033533
33.324938292571176
33.95309834492588
36.38157266510777
40.18708160771587
43.67376643095259
44.85761280820983
43.405540652460914
40.50328958261315
37.33203826241673
34.55019431236213
32.568717937198564
31.838616203586657
32.949866910934354
36.35047263654165
41.36993203657945
45.44120663357498
46.06894846255018
43.57489239349452
39.84407471222793
36.14486022273457
32.999819974970855
30.7315222042113
29.804135358746645
30.980384294167315
35.083055099527755
41.62571986996219
47.11795053830276
47.820480735848285
44.469442406604244
39.885403432338165
35.544460285574964
31.82694416891683
28.89023265076708
27.049121154154275
27.0145936126472
30.07506114963847
37.36234673522598
46.5894484519656
50.91178100066699
48.06969114977251
42.4653117637738
37.106404435914676
32.515146046585954
28.592362125200918
25.274183099877852
22.625367554890744
20.95148507518695
21.136036465900478
25.262960589731
36.17597235545932
50.81578058399875
55.82177584617913
49.71763515811139
42.15662290281329
36.32434300453795
31.82931098862947
28.271161644073093
25.65119540131114
24.378749255857414
25.5219752585768
30.978638919894564
41.550860888367076
51.39664862184143
52.104226914945166
46.31030234335752
39.9685845451395
34.67926958151763
30.25655357702459
26.454633627083663
23.149282924607697
20.274070886204676
17.794547572820036
15.725894603440155
14.219182166856081
13.846285640473022
16.430324456384376
26.456717282878664
47.08496021324374
61.39784761987352
55.131263150894114
45.177762289853874
39.00088025562471
35.45458967692305
33.64212559211798
33.55038684062288
35.45205266722856
39.16233603325609
43.19286079162025
45.211072545709925
44.26932139689145
41.42747459772426
38.073719946477844
35.002399868973534
32.63885596820414
31.396748216833675
31.859376958259066
34.66758018479337
39.70731234628862
44.816919891092944
46.76266346670767
44.88339163105066
41.118310437001234
37.139112071653564
33.62659321065858
30.879494695132067
29.26290628487319
29.441466176119544
32.40443140713182
38.61713828243959
45.737723990082024
48.844083289879094
46.55872972672619
41.880062169714165
37.13502255808311
32.97487848926876
29.51054364323935
26.893465473244145
25.548478260888047
26.445737943568492
31.231451194829166
40.64454344128333
49.94876566290858
51.50047645225388
46.54244016065684
40.47019605110279
35.209903951694
30.764850379353174
26.93811128269939
23.6250775424732
20.790741496004607
18.48127124226274
16.940495590391876
16.974922903154653
20.83381094472972
32.72220112802654
51.475244211881375
59.11980045351269
51.60486936848237
43.00161866015463
37.228955018116054
33.36642582722689
30.9136101639125
30.088706099382033
31.594659694912195
36.12009200637462
42.73367106383039
47.566175945811224
47.43930708721947
43.73631450279488
39.15263816310752
34.91327643495746
31.322430376010708
28.550054915780123
26.96348934122765
27.366266405856173
31.11427822047957
39.02579264021317
47.84458694926261
50.77332291410255
47.116673662881425
41.465700687280496
36.25482767844726
31.799766444743412
27.99555201326464
24.803921538547133
22.331716104371974
20.980877753030793
21.855317750420664
27.350701215263644
39.769533763640496
53.18499154014259
54.84739827760731
47.766597998210194
40.605870251155494
35.1413746247123
30.861001063094918
27.461134417855042
25.010602772717345
23.997643720976622
25.635104321378112
31.955869601485528
43.27358992384531
52.42781763069428
51.72216273641872
45.42631433140781
39.14261949753026
33.97942086062437
29.659872958702923
25.94932384749223
22.741074405578086
19.997315794534906
17.758281708457552
16.257000370265963
16.284799630009772
20.104807057409356
32.126043721920986
51.55737815384952
59.66216614131146
51.887960082632205
43.12971617354055
37.40915996641522
33.70042728344413
31.476167889040873
30.953987249970403
32.772354249359445
37.35110223268665
43.36120715643699
47.16494304710209
46.49103750544568
42.87660370959183
38.583601290881674
34.6370823104712
31.356391565816985
28.99175870827737
28.028478278561995
29.385105225628973
34.22504935137437
42.19156888492979
48.76269930455651
49.12854093844208
44.85306487882236
39.61857722964883
34.887816965045104
30.840128280133946
27.47470098761504
24.923177086845634
23.623444144867364
24.655993174664637
30.033575858428748
40.94461339106469
51.65484471490314
52.772081230785034
46.77818122985589
40.228576116709945
34.85060809554746
30.40262828979841
26.61088243074881
23.359256964281883
20.631212703464286
18.54064323046066
17.52912014192569
18.92107696685269
25.867850896098492
41.544716436244336
56.90886112341276
56.06949938978807
47.13297094377673
39.92105877764843
35.01572430134316
31.58535416710606
29.483423675598047
29.161787312557788
31.544894386340854
37.340844633856975
44.80938277536148
48.95422201691667
47.353306419114475
42.75548870872581
37.87608726907073
33.55687416080963
29.918728508497097
27.066390737378917
25.332192570583437
25.530591985880402
29.22706543295672
37.853484971390714
48.36446491686093
52.283773261939054
48.21068119135269
41.954480713595295
36.404505693105065
31.753282090624417
27.76770481139174
24.305399237959538
21.293345658122927
18.696354800748352
16.532021937711974
14.958358987041363
14.560318121166626
17.162918305073237
27.12046224023292
47.17133309125427
60.848964687429195
54.816602018806265
45.064371996472985
38.823492260790644
35.0918837570351
33.03494484056548
