1.0
1.3915417844270015
2.6416384068458107
5.3115878797947635
10.540222649007866
18.896900035185475
24.428416308125843
17.037488590743806
4.6469867935948335
-3.8094008376938273
-8.174496478393408
-9.811040605888754
-9.708631294376143
-8.741181270047372
-7.673342720699348
-6.98733472445487
-6.880677204813162
-7.39054246902566
-8.483338956263626
-10.032179045170626
-11.683696105709672
-12.759206171600784
-12.550620040367944
-11.014483346031005
-8.919383701925797
-7.134649674741963
-6.097771660747234
-5.8788097911045405
-6.426620606322123
-7.7008900929573825
-9.632154407228304
-11.895746935787532
-13.614040056189978
-13.611191178923237
-11.629046007102232
-8.80225851112717
-6.414307903477877
-4.997843308062029
-4.536344686297449
-4.890826724934803
-6.011825060740196
-7.952145715926269
-10.687164574478071
-13.635376616481398
-15.189988355947909
-13.808095051863074
-10.230791076339633
-6.610409146897694
-4.147107388313678
-2.8891922983835365
-2.5092723807879285
-2.75407424547124
-3.5591035286705313
-5.047102083844583
-7.488798688376025
-11.102945095104683
-15.282999809925194
-17.40469217536093
-14.757117325788332
-9.167341235169399
-4.2222524013229625
-1.096674128174557
0.6859338581535106
1.8732615364845269
3.059452819883769
4.714556872998571
7.264991979536727
10.942063668970764
15.0090778894892
16.86065749029603
14.29120858665557
9.238835471509963
4.898356565492266
2.2851774511279785
0.9976426975515447
0.44877498431833984
0.25547567733215176
0.23121557380923177
0.31013418156512296
0.49779775992703496
0.8588422443060526
1.5386874246121645
2.824204226280935
5.246479063453059
9.613990493666725
16.175135388275724
21.161192492190846
17.546429505171407
8.382349231203884
1.0316406091680395
-3.158383739906985
-5.469352614486377
-7.061044620807841
-8.528990670042868
-9.990899642786607
-11.200018805480822
-11.73788780483759
-11.3642091977735
-10.288409745469433
-9.038974527126612
-8.098771471623923
-7.715647724049152
-7.941672134834655
-8.712065962795524
-9.845533434098073
-10.988077835028406
-11.64688407370928
-11.45555378980369
-10.489279755271212
-9.223017832103702
-8.17071223414336
-7.634622695767125
-7.709339783172836
-8.371954415814576
-9.505834231411528
-10.827474580480295
-11.822909845056332
-11.93421005569561
-11.01808853035697
-9.529600519619128
-8.129424200968367
-7.254705528224161
-7.056124916310287
-7.533410888818464
-8.62704546603298
-10.175892702380384
-11.761266832070614
-12.646223911117442
-12.196415167723002
-10.55878725452042
-8.576310360084827
-7.026509262877865
-6.240783048409703
-6.247625149005927
-6.997867815973212
-8.446407139961654
-10.45244324299131
-12.510031394040102
-13.588947373125047
-12.788044101633727
-10.44698298924163
-7.845751877531931
-5.944546179925975
-5.0041276434372355
-4.939215522415715
-5.649352385814539
-7.132443211523587
-9.41244155973168
-12.230130999933635
-14.514092183456208
-14.549404926955008
-11.904538293821448
-8.262975711057738
-5.3306788996438295
-3.612198031777916
-2.9099721055329724
-2.9359790667347165
-3.5507615642405383
-4.79965827835019
-6.883798950574208
-10.028469277886817
-13.96523592549228
-16.850031300652184
-15.76465578470391
-10.94822655331051
-5.780213012269611
-2.1940916881311754
-0.11383264774195377
1.1444488280455747
2.1990406605103807
3.5310814061030715
5.580634368076492
8.755560561516894
13.009465317497545
16.669732482785843
16.479858074405946
12.010486377196003
6.763483032450845
3.1218594287773818
1.1636818146196604
0.2329942067587064
-0.21846422991311187
-0.5130617211571923
-0.8357589951029865
-1.3324986764725397
-2.1916568284686275
-3.7272591680005056
-6.463344301064818
-11.038287552040053
-17.03688389059817
-20.11089350256277
-15.45180603850822
-7.302525364099731
-1.138834270214002
2.4127228112645946
4.5142469537062775
6.188196781752309
8.005549211026363
10.094243519941209
12.069538996484793
13.089007083622207
12.48866353634617
10.587206583841766
8.428866180306985
6.845671462303458
6.126329350325189
6.25793271395689
7.173027147630163
8.793595626049015
10.869300471327563
12.712297698484582
13.282123897705466
12.06928090589313
9.771191794144912
7.560213144949532
6.125393664130256
5.603147265677244
5.922075001112988
7.028292470347085
8.891441265618262
11.286437896090508
13.40581843654245
13.909994301451249
12.194946867485534
9.300588059141926
6.700540276409056
5.083503276890593
4.463814649615081
4.677331699114079
5.648307179211613
7.431091959670444
10.069752086525629
13.156020882717115
15.20472075675438
14.350151505268187
10.87383562895688
7.011396282117989
4.253560183794028
2.759550356954753
2.1741611431901946
2.1724880529454356
2.602226308369927
3.4758732873259808
4.947472606206937
7.286780240004079
10.735867462946239
14.907629262378698
17.62005393029695
15.781345286570236
10.138745601606963
4.479660136901369
0.6028877772973102
-1.787600749768426
-3.5116183865878394
-5.266549135686715
-7.531720202770364
-10.477094796982607
-13.573055761974457
-15.219467136413796
-13.919218690686636
-10.453899063936836
-6.967583298547953
-4.6465793189309545
-3.559165920513652
-3.4352440941943643
-4.104847699523157
-5.596742830362543
-8.063345706307532
-11.459380475345123
-14.792194814873213
-15.791179522801404
-13.202143978455291
-8.910322626567128
-5.3335909562836585
-3.2247158048740427
-2.3061385523935876
-2.1762205767288605
-2.631050812634519
-3.6986977998674933
-5.616286523740545
-8.744584683966767
-13.09378741327602
-16.967064997572596
-16.75705478752997
-11.92206563177889
-6.305361129971782
-2.4135960139789625
-0.23476022459356116
1.0109096618334994
2.006438261135454
3.2552995626411976
5.202074448938435
8.263224940008865
12.438152174120168
16.206148213476144
16.447763605566816
12.405065127161317
7.269170931511104
3.5700249423819947
1.5479421017353636
0.5839726333077303
0.11689805198965363
-0.1988090687017963
-0.5817013719085837
-1.2389479805942991
-2.4762813049322276
-4.805818480526905
-8.91709055940488
-14.798721070030867
-19.253528169734395
-17.052466005782463
-9.797290094547217
-3.3431653123199716
0.4680873839525059
2.53551225707597
3.9954741904340136
5.594971153943849
7.710311200416626
10.295952987090383
12.68684420044719
13.718438738377532
12.67201585617284
10.19881980868651
7.680969764280247
5.997304574139796
5.328295837900107
5.584380558063716
6.703500230482315
8.660357249349481
11.191748936557056
13.359924638956539
13.754744991023363
11.929274062375137
9.05898451831664
6.570054933188926
5.06262005583567
4.509204733352921
4.741938095000876
5.696220779493056
7.4440046651359335
10.059059514458152
13.168734612722618
15.25675709526324
14.339567607658779
10.713425622438763
6.731785410032881
3.903910177522476
2.335654016037788
1.6082232992306011
1.325064488898353
1.2253286662687664
1.1300860371581705
0.8540822244406789
0.11299227511128568
-1.5465551052201534
-4.614262902289513
-8.927314309117557
-13.191264605041557
-15.825932979540335
-15.025353558644584
-10.65857588802839
-5.5921109451466275
-1.9423077817741363
0.3154044888145748
1.9647440238994884
3.6264320890722277
5.490719292145154
7.321418196004861
8.825164138543121
10.013773118169652
10.940182779499992
11.344939353235956
10.8855177880545
9.671120007782887
8.321498805272583
7.496491951480401
7.571014379227525
8.585151767785769
10.092355101803605
11.089427640078982
10.835398392499354
9.629307811148687
8.236353189540772
7.157220741938109
6.526539085719761
6.289213384854247
6.3484466584442885
6.628213494084166
7.08612068975059
7.7153041004605685
8.55668848828145
9.72116182075974
11.349340966811367
13.205718175149567
13.804012670320553
11.558009458078859
7.664911377428782
4.227808488994113
1.927279882569555
0.4465434665761815
