0
-1.175885071606611
-2.1536466046531366
-2.550888694205799
-3.917044175040851
-3.962369239762977
-4.269299466114237
-4.824123806806987
-3.700043046584764
-3.564223098225398
-4.981991762354756
-3.958193426111733
-2.51411188125298
-1.350628619206459
-0.4419088215933018
-0.8118048069541874
-1.6465012958419027
-2.1613388935987388
-0.43545386490565563
-0.13096180955742348
1.452811756392109
1.6925277487721606
1.037657282207204
2.7965740368817755
2.4135394987892167
2.9937067029673736
3.261534719284033
3.353107231933161
1.6344060491144208
2.407912410774854
2.6991993623721933
1.7481922394992715
2.302498385161475
0.14317393761997277
-0.4501327945911935
-0.7974778449509264
-2.0846675023906913
-1.250976742831324
-2.534607079831294
-1.8020481332166718
-2.421579470547371
-1.8499463118438462
-2.6667146221047995
-1.4595026173495749
-3.1634651216221563
-3.8661561198335974
-2.4876763427289506
-1.5490772644322275
-1.8003911952863247
-1.8296894113010398
-3.294285381839705
-0.7840518332773843
-0.38283441660342227
0.6918208500879037
1.266932837784017
0.7906040187027181
-0.22760072726291658
-0.6733902561564626
-0.9977243229204167
-0.5443233203348352
-1.4392113325413427
-2.847702685304488
-2.4409298151790524
-0.3610039578311648
0.3755803954118283
2.447921803839255
2.73685487601151
1.9431431464524205
1.4360570970035549
0.7444223594215473
0.04854491672445471
0.8197028943530767
1.8854633882598097
1.5283412785429225
2.54532072206238
0.780967993004583
-1.517836664585467
-0.5478588245320374
-2.0352706422941957
-2.0339992431452694
-3.7869842514351495
-3.010991933367116
-2.3369751263193645
-4.847705973264116
-3.272971217213257
-2.911497542688797
-1.7174822574613957
0.5766016632784012
0.8555101907275622
0.41137234332706774
0.2513026046823089
0.030839309037241608
-1.5514250457134169
-1.9360470629892201
-1.1056898454764172
-1.2540704941680298
-1.7074524964452686
-1.208865291418277
-0.6612215440003348
-0.7433734720217472
0.5124869813426506
1.167144932533032
0.980855602857466
1.0246281723535977
1.1381469521345111
0.11882285635772516
-1.2040985283986017
-1.2139499719950821
-0.8032813302764925
-0.8475376973902443
-1.1505383415852144
-0.7105336251201106
-0.9794616771289363
-1.2369568238707944
-1.0313971413229632
-2.1205486382176764
-4.271877985019177
-4.523941288117759
-4.475824569212311
-2.9411396059486608
-4.128253087163447
-5.710212015599804
-4.6542394170906025
-5.477777850980119
-5.116253863606686
-5.037122412146691
-2.496436077026208
-4.033437374802489
-5.132811592320382
-5.412411565578035
-4.607738330160939
-5.1402669700482795
-4.187832299604043
-4.418562117446191
-2.8501303991374276
-1.215767103205694
-0.20987487408583538
0.23270522949025968
-1.5808508654050821
-1.9039934220638184
-2.231991719549775
-1.477130378213575
-1.6797813954671077
-0.05829587137232295
-2.0076115076557937
-1.1932378018043988
-1.670636536253932
-1.2128074729920675
-1.4539652799630363
-2.4929318870745893
-4.068529595086124
-2.2545580707043076
-2.39810732758161
-4.103860067218603
-3.6310441189098146
-3.4413783529174182
-5.612679892547144
-6.754614142032146
-7.496555068023871
-8.330183721275267
-8.74727094406519
-7.825286746298435
-7.560282043130808
-7.187977486674082
-7.764711858720033
-8.980314211241318
-7.564506847912895
-6.240722648982657
-4.861951627234791
-4.741792726054664
-3.55823772911278
-3.0143147579071146
-2.561003344219573
-3.2028966913842414
-4.683888450376857
-3.4662905267934443
-2.5534301745327674
-3.754066259999334
-4.3895233522687525
-3.1846925046984706
-2.6512045299725067
-3.3263206620040986
-2.8551047878104674
-4.077697914232236
-2.781069372371727
-2.4868089378685942
-3.1383952566699995
-1.841076250659994
-1.1475087785635014
-0.8029853795019062
-1.7473228945725672
-3.186570698017611
-2.310458875757526
-3.5112879411599085
-3.7632932390604608
-4.8314780760239255
-2.701976395281327
-1.972471823142949
-3.168148577381525
-2.9680618362907034
-2.712765918003629
-1.9738365532152427
0.2828685764503345
-0.8583636396533423
-0.0997448194683409
1.10114906236111
1.4476719450698508
-0.05644501058777851
-0.30989919441056146
0.6023257740122285
1.9349569865548348
1.5764292243715714
1.0513486812596504
-1.2661423643186485
-0.6380071641341014
-1.0832086389985227
-0.46005723437560553
-1.836712661581383
-2.1444616896881405
-0.3510048955079008
-0.6325476011118409
-0.019135971471498703
0.7409380239501923
1.77604874549107
2.8139331781511556
1.7542599221635808
-0.3727105665379016
0.18790472924623658
-0.29157232718425746
0.13501701045973108
-1.0900868333824816
-0.480284858644371
-0.30615433765614664
-0.6713224502251457
-0.05596116968378961
-1.1919605728226463
-2.151428743883474
-1.785545180581419
-1.3768463680644423
-1.5452182919290554
0.626275687428123
0.137500582420662
0.4791440483614376
0.8060713554847402
1.302139704306929
1.4011780571890369
1.120714477244726
0.5120033301600361
-1.1556704765915513
-1.0386027451096358
-3.313180859526502
-4.2545544267154565
-4.1368772347580425
-5.553680822367985
-6.917481096791612
-6.878500147967145
-6.346166711912574
-5.598879956782916
-6.651852081730558
-8.689684853895011
-9.95688747146336
-9.907959054615068
-10.805217804464899
-10.282464022107236
-11.564882305946089
-10.067268395563705
-10.411192313708291
-9.377431851303172
-9.864180730591489
-8.833899003765538
-9.995364778777589
-10.84469441641014
-10.244583603577333
-10.081203422092
-9.590085635046059
-10.888210644928135
-10.300227185258652
-11.887255911142097
-11.062369685282436
-10.168781294131266
-11.187550220234389
-11.971260148020255
-14.196336427715126
-15.35982664658257
-13.974041662975027
-15.990814938682377
-16.676541631767233
-15.799424821507737
-15.262227458895913
-15.44979574107461
-16.915909258681804
-18.00463562563167
-18.951378498396934
-18.116878847358777
-18.472169460243528
-18.495111894505964
-19.030903224103348
-19.450718245871357
-16.874962337709185
-17.421224597505244
-16.547426011401395
-13.372752683247974
-12.253440647675179
-11.398885590899944
-12.248060984432819
-11.787920423059758
-10.896066002142504
-11.373211696908896
-13.703139539225976
-13.271830317855123
-13.436717313581914
-12.205228819448006
-10.374982138617124
-13.05660629455612
-12.646840843592324
-13.837505522244605
-13.941419901952825
-14.072393736397842
-14.55462785866426
-13.876694469849072
-13.234848954077005
-13.220163242518135
-13.010195133346043
-12.607717524994303
-12.609812806748284
-13.772450923472235
-13.80205224534757
-13.221815084646936
-11.657194342269907
-11.265546703334413
-10.975975342144134
-12.101287397666653
-13.372457716044812
-15.886648951178769
-17.823377063564827
-18.216314572947244
-19.34457332924654
-18.875002766052262
-19.61277052279987
-20.428125154074408
-18.90465994393785
-20.09075127186344
-20.36950302119768
-22.30658719910496
-23.523127199869574
-23.073655368715652
-22.6712018018998
-22.118351459487315
-21.420894451835007
-20.442662807647793
-19.417206858951374
-18.836745158616434
-20.499019175534453
-20.635949597663785
-20.605013239887644
-20.703107182638828
-20.732940446765827
-19.87681775117439
-20.65831171861171
-20.687155154902896
-20.88700572325495
-20.945503639409683
-19.994880926243415
-21.044974655414343
-22.019716440741945
-22.18501952237756
-21.04764488402333
-21.769279911573697
-21.06544963653107
-21.021756411089406
-20.279613907605654
-19.56667059854183
-19.8371232258965
-20.231646198222293
-20.636065714905477
-20.687266735782636
-18.188739615039058
-18.00033089014345
-17.660987292306217
-16.531121844530166
-18.013505628238047
-18.395806284049858
-19.6154298388433
-18.37258636946906
-18.199765798801728
-18.067435666447583
-18.232298224308057
-17.083370420138742
-18.65681357834031
-19.412682978218157
-19.085208391585386
-19.401830113150282
-18.94328211002197
-17.123724726146524
-16.16746526706804
-14.921751751160889
-14.880691353251327
-14.907913217334805
-16.00777222225142
-16.56654776789306
-16.462524687354595
-16.45295805041976
-17.056547465118093
-16.895242377168056
-16.165975967863126
-16.615415009822286
-15.857810882490146
-15.137752824735612
-14.12187486277047
-14.211415946237198
-14.639472904099431
-15.251506559140106
-15.968770438738062
-16.374961896121214
-16.393523029881734
-17.780882576773713
-18.64737652913587
-19.444738860597937
-19.353259824625137
-19.144885931367593
-19.572709550137017
-20.0765199325464
-18.72482677624086
-18.738275353270893
-18.338898401703343
-17.368297155912103
-16.527746174055448
-15.287110826366593
-15.763778137816658
-14.671767258323282
-14.439898125208185
-16.613545722543957
-18.849477791196943
-19.035048333183568
-18.79249868730031
-18.373659136689263
-18.16436304995199
-18.71427524958356
-19.851958104059683
-19.330336681336604
-19.399383102708125
-19.43713788121662
-17.526052408439163
-17.672346337467772
-17.33723416270311
-15.824913459369627
-13.834593325990435
-14.955536751736775
-13.620090971895412
-13.063197650602012
-13.506390633964958
-13.45212616807403
-14.334201144323538
-13.311183364583906
-13.64554584610069
-14.505088577924228
-16.37568964990292
-15.375232377611443
-13.940520643755724
-13.738344611275508
-15.155950126766095
-13.54518994229366
-12.420583740545895
-12.294576080348829
-11.998689970217516
-11.156540583123551
-10.757922678173705
-11.289336534827225
-11.556960174150522
-11.958143581309422
-12.457652455177975
-11.946281438330866
-12.156503625123642
-11.899414555385109
-11.088725707995883
-10.414491327780992
-11.87054034166892
-13.57745288210428
-13.781207781657134
-13.073574722277764
-14.338062496773409
-13.03813341395278
-10.843353776735231
-10.73951919753893
-9.38976620623776
-9.746403721422869
-9.428805995629094
-10.621194112237678
-11.627127551142422
-11.258522620945257
-12.276617272862829
-12.04926112482883
-12.832490785281513
-12.059633407297907
-12.538040939743365
-12.063720860782311
-13.60030792258164
-12.944957907459099
-12.399590270579544
-12.67684329759111
-11.762822941276472
-11.019858006915525
-9.460569217975687
-9.539308473585074
-7.141937075838356
-7.8788094355341824
-9.34664945474378
-9.03514648085349
-6.811035041159611
-7.2024584472682065
-7.377330437852879
-5.854824222217026
-5.007851579839679
-4.266679081653419
-2.795107153206553
-0.7619505611859321
1.28627458633806
0.8637640582318435
0.8590016487010874
1.4426539700404448
0.7339708930673214
-0.16175134879216313
-0.5940990601853762
-2.5940908827093487
-1.89130382693518
-1.614204326063838
-1.5570207673776577
-1.842006143872222
-2.6431776166365197
-3.67713051010628
-3.904017667921796
-1.5305173557595912
-0.310585380949584
-0.18007387435470956
0.30430343441758567
2.594877589943307
2.787761342427172
2.548235823539567
4.266547906943685
4.965099874850557
5.813921838352459
5.594543721110288
5.727746693582004
7.06981763608405
8.564996442315524
9.303620720138833
10.58338851748983
9.908143212009112
10.355994919859606
9.901778347689639
10.924466422115316
12.646769340059215
13.167737251450689
13.134245718969433
14.845205586269252
13.483311225795205
12.639794889494475
11.330101577007145
11.817435178159066
11.14763045552982
10.54588433238766
7.875501192095831
4.816029077858526
4.065330285273571
4.204650224906655
4.428020351272067
5.3860070866398395
5.512254847330195
6.768802003585851
6.955984318667662
5.090330792232486
4.5120319821700505
4.365694389611269
4.453364052576047
3.390581386284854
2.087297493087922
-0.3003558152178427
-0.7135875253582219
-0.7845332038115147
-1.1103446692141612
-1.593431599616193
-0.42382930912296746
-0.6557598602495334
0.7922923680535678
1.2541941284255596
0.5159178402307933
1.121630887605268
-0.1521983001881817
-0.6025172895615594
-1.7362151894267517
-2.551616205811852
-4.525674655241069
-3.9506126302585356
-4.909946764659045
-4.81101463933266
-4.784687269585938
-4.67645041104227
-4.648303171521996
-6.224690099735417
-6.253099082763892
-6.955800051459001
-7.902075213251744
-8.367449358160975
-7.172603124931143
-6.013027151734093
-5.74910566143496
-3.684190993223618
-6.158635185350768
-8.281756456524072
-8.201459820207763
-6.729081990471184
-8.615352970756444
-8.418187695335188
-9.33160287108425
-9.833299119972272
-10.378629966281139
-9.737472347967763
-9.559272611679319
-8.364989973909234
-10.41515548538826
-11.399222950015375
-10.50724457759979
-9.305185827764472
-9.066389160596371
-7.430653816476038
-6.568962450473255
-6.564603950040726
-5.41540253430498
-4.819743105987968
-4.664204591503004
-3.9689791251736386
-2.152507690388039
-4.069281881684123
-3.273996667973288
-2.663830673114356
-2.734355586539698
-2.719101097555374
-2.3287186848927157
-2.785192284243127
-1.9498850196729727
-1.8393769575443064
-1.6225667757920754
-1.4611414188507215
-2.1221674034610745
-2.474450732035405
-2.753848574497901
-1.0982185599187653
-0.6688928157622949
-0.2477988583128204
-0.27233486471201823
-1.0724100049832574
-1.8220279100801595
-3.277033403840062
-3.6031406048351804
-3.2922778183972405
-3.0835866116367665
-2.904278073592377
-2.754748821748943
-3.9620192346769953
-3.4707471856435244
-2.6373367597200272
-4.749491638359871
-2.962121145409106
-3.3222071009038863
-3.3346779815490146
-1.80920289815681
-0.5469551978642493
-0.3823233912973585
-1.9893832237278304
-0.23307040439257865
-0.4561701127817559
-2.443139859540747
-3.587665234573392
-3.4719754664941602
-2.199881298725113
-2.4005472023619383
-2.509082105702883
-2.4427942983639688
-3.2420921734056214
-1.7090346042184033
0.5430661829506498
-0.9612376435878802
-1.2331112720567217
-0.7714959405122532
-0.9158635246109673
-1.4077282362275254
-1.851742890558738
-0.2557434962712002
0.12568194907120211
-0.3879135073233757
0.18827581297133844
1.4405629876729598
1.1920928063857705
1.7270882504424883
1.9737622958285248
1.6255383777404884
1.9582329434399064
0.6774156482341236
0.35080014199893056
-1.0580917501332452
-0.2925329577200263
1.3860502272756636
2.3780398144115162
2.803453344168835
2.903905592783601
4.182385501111456
3.7264686676861456
3.0808666705884384
3.8758850541405923
3.4088038897030435
2.633045484080748
2.491911868614802
1.2509482790115751
0.03800518047337742
0.8082545330452545
0.30411896107238545
-0.47701420516099846
-0.48604748579648865
-0.8874713826225638
-1.5416741408930799
-1.0350804419438007
0.40719097747250976
-2.298382556252885
-2.1210872161820906
-0.5829604541335618
-1.2386680869042874
-2.17212816175058
-2.7482302971745796
-2.5378623682061536
-1.0965439192115631
-1.7912992513933417
-0.09128885187873892
-1.244624226658738
-2.6116411508275994
-0.4271556648201087
-1.9301238642371925
-1.5851423482099751
-1.3031142238797522
-0.6667326068938827
0.3728308631718017
0.09878196271580025
1.120690393843389
-0.08336627237180227
-1.124489076975899
0.06060079417125075
-0.91371646175307
-1.1017630644567296
0.45769794242033424
0.6786653085511005
-0.46104713501343286
0.34274232247381653
-0.01614861240620874
-0.5794452562268613
-0.20542797467594287
0.0882587768963875
-0.4138510831212334
-1.340597992474712
-0.6301404774872336
-0.4083873125980346
-0.7377282842478268
0.2564850103334666
-0.27727360378209165
0.5155749811846561
0.9895960907466471
0.0005265252489551342
1.085842576199611
-0.004553177581022583
2.146023619984903
2.987394106958235
3.9894556901082883
5.377130720248145
4.6104084908924605
2.7927276601843802
3.405349686380848
2.890676208242813
3.260539970083325
3.3092321745142796
2.7607570449407786
1.7084601952719878
1.9319288077258612
1.1050730416328132
-0.19461045793732024
-0.07032842479161666
-0.14570365654160308
-0.8672811327937154
0.7676246436350197
1.845957848917457
2.328442770832062
1.5711262691346266
1.0101376236131072
1.554026251293804
-0.25018141182656595
-1.4865159115799915
-1.8106151118968825
-3.302493020505587
-2.9353629249309883
-2.4101515455644567
-2.8877392867051013
-2.0709953192966637
-0.9803188195770085
-2.0003600920801032
-2.2578614740682674
-1.7388158884429017
-3.38378200459253
-2.703455141572537
-1.742439762095045
-0.7674513266587615
2.7051452405814214
1.92203168432009
2.8300628702687307
2.722945459730183
2.6546617017813623
3.030892170590193
4.025869376094737
2.8836202092602665
3.604591390909925
2.7935562471665527
1.704496586341264
1.6031122511412568
0.9275083463127656
0.6814223861018357
1.872205963286015
2.204150729217917
2.805749698988526
2.8415416389962913
3.4242801570653616
4.779327274364591
5.504020952778851
6.864975463959759
7.265166198580651
8.636227475857215
8.844089301485532
8.802364466719688
8.084856543541122
8.529043162290723
7.411376536609168
5.356738683812619
6.161790009010253
6.144701305452475
5.592379769112954
6.529136525634144
5.914517513719922
4.672923802068638
3.8835080912018194
5.167844780067998
5.621144167468419
5.523802635077987
6.692589659158468
5.118640829550836
5.042715690661038
5.921081028412424
4.930670668570515
4.434617537791956
4.932512080192993
3.7857029568001908
3.2224849780472256
1.3217724071273134
1.2559181767079213
0.4847685959010022
-0.1351037336065367
-1.005173386158989
-0.8615178283347051
-0.7524860627306124
-1.2612446219690887
-1.1563650777804766
-0.861946666885244
-0.20216029897674836
0.2136014985362198
0.24310872186011512
1.0066912859894228
0.7781548239044516
-0.364812175455584
-0.4986026173918528
-1.677778318915873
-2.077515259152846
-2.642549384829259
-4.175564787192306
-2.7562679847410982
-2.207012999282212
-1.0565977283838683
-2.0005837143906247
-1.3898981009330398
-1.877291166044424
-1.5516824317934321
-1.4030982214295142
-2.117848945151973
-2.6129629210500003
-3.774112906813433
-4.697594491200833
-3.6615303587561545
-3.5743832246848335
-4.662989464518995
-3.5315684281219446
-1.711275425032951
-1.3765997293829888
-0.789589396245369
-0.4000402387773185
-1.3421030984570799
-0.9322429280951965
-1.5921763241725793
0.0030272232076498096
0.1197988909253273
1.7031384284683582
1.073049408556355
1.2426653707968658
0.6685940794826464
0.633647560815585
-0.4199773152389904
-0.19425135047660538
-1.0841820310437873
-1.400179540585599
-0.8931137815884631
-1.1655032315442944
-0.5533779298300405
-0.12759924622986124
0.06969678670745708
2.903676917209848
1.8913008288868345
1.813515253698781
-0.12776812534102544
0.116857155962407
0.9664111478321482
1.6352906790776118
2.0663233810087136
2.092906998639538
4.185757860672221
5.613285017591476
5.402527888931147
7.1339216325440304
5.343931117202792
4.302138849983935
6.369509024629847
5.982434665986504
5.181433283240796
4.020367856671644
2.6529366674492243
3.9651080207141356
2.5216480243641226
3.433551754073811
3.948997044666111
4.839116861335094
3.5820195569449003
4.286728390083791
3.586238322842964
3.6060954056403016
3.583954307154739
3.239029475103446
4.851812178296424
5.693306975613481
4.91791242232177
5.002779695803726
3.165774484344088
2.5082762824867197
3.573391908615795
3.695777111672832
3.1592776761201837
5.569266050771102
5.037592552252183
6.462774195908995
7.0754072957987155
6.892253450811313
6.253794768113675
6.420893784059721
6.033584709093601
5.962442454447329
5.097399314481546
5.713999467272613
4.427935561849564
4.99978965273532
7.689611436452125
7.6899061413347685
6.505463599545085
7.360157820888202
7.256417964513884
7.640360091943274
7.8366947165359475
7.384907440197882
7.881244336270058
9.645752136452293
8.994771138134844
9.26607570091155
8.400034950893813
7.176171219622699
7.316056141684547
8.145891837087527
6.366632354145683
6.431630874856505
7.659471775203459
7.602174100508414
8.060061881955084
7.229390168164213
7.531733250691471
7.437178076966623
7.272777774951049
6.952141693046511
6.614959006861953
6.945413845771044
7.753418293466648
7.306521353165455
8.194286261574586
9.548153186239176
8.253408498590773
8.739908349693328
8.505301043139164
7.262138913687865
6.6906991355451515
3.9539856092438295
6.186664832649967
7.658618549737335
6.096315899814815
4.4982117165143345
4.367284225879297
5.2017872257734945
5.453115432955383
4.769269917040578
4.565963579183938
4.318327932254896
4.100974644989673
5.0918520108888305
3.78908218686144
4.646858571196968
2.6972293061014825
4.513409473812976
4.637828073080519
5.410749070821826
5.745086982837062
6.399933405222455
6.300203170398896
6.663103760214988
5.8936257861880295
6.311846567714827
6.706821708125473
8.03976036815186
6.190772972804233
5.818038518341137
6.189555344311728
7.66905643377533
8.073690912522625
6.930916222462653
6.1324608269329515
7.804666119280236
7.2091821160204805
5.841507339541864
4.700041843428033
5.813196165881516
6.553896211577818
7.0186611629898294
7.133078417342837
7.617720435214048
8.75908834195351
9.776652910957896
9.598981957108657
9.484204757146335
9.659920136851396
11.167760030520173
10.6264842155226
11.064504219641298
10.68234502294879
9.792146059522887
11.024859562548553
9.59287897636873
10.563940162827294
10.944107443247525
12.196914025168134
12.381001487939079
10.983364514204236
10.890751692231431
9.776092348962626
8.992064612461935
6.154251203323395
5.800896653413983
7.777383261908548
7.390082438735955
7.27653380845811
7.1109617302666965
5.48018349566614
5.612005752633839
5.857154578067798
6.405127771217863
6.8040581552194945
7.220321401942596
5.5029407202345055
5.026227884784057
4.578611871328535
5.09469485400612
2.5416266962322656
3.6773369227474606
3.9265620133721417
5.077205367753278
4.799503993619256
4.545641255296365
4.324491405650619
5.0023659330600685
4.593645665048361
4.924280322218866
4.536664203952052
4.419341947509559
4.488935227521423
3.909856500167674
5.470717832001155
5.134243058774027
6.1026927644111195
6.812031624786298
6.270660418416907
6.450723901442713
6.944011878401892
7.246844945875559
6.651826173166659
7.878172317366207
7.237376217874781
8.470558322364381
8.858248544749694
8.012547076033142
10.398454817910103
11.431920878660467
12.122226824079785
12.91358043547039
14.166025397489415
13.039610113413783
12.818491521503912
13.096238698197013
12.406576256516727
12.923734623729313
13.566362287242653
12.58016780179248
12.73400123309303
14.321667960623309
12.72622508615027
12.592896257572734
11.243850021142771
10.74470286883866
11.000186405148959
10.643929893791144
9.730806476046558
10.912166358890916
11.860842748741815
13.078823606572056
12.604282449672684
11.427249741605655
11.831309494236852
10.607284036135356
12.394579473703802
13.680058945367572
14.31075085786535
15.625519156514471
14.882262247604785
14.447601717341412
15.720513547620085
15.90280246780054
15.585790776644828
15.504050390143526
15.080739891667829
15.409674137387938
14.867490480296443
14.498741029482062
13.560117386872838
12.784977202082796
13.58807421946314
11.354533892971773
9.853031586983365
10.87876786695198
12.230057727470411
11.629244706342446
13.45818698156281
15.391101384046676
14.568110634482036
15.577542487548367
14.748994649989527
14.889733576854661
13.313718271489329
12.358601730158925
13.046294461994457
13.46682187747137
14.33438758301011
13.463373639225095
14.693627043383373
15.68576819819531
16.87745505548261
18.406629025358367
18.331588553916312
16.467455829143823
15.484146399342407
17.183841930643872
18.13849579789352
18.47804358178905
18.746423725904013
18.281141977426095
18.022094708165557
16.37693694350826
16.902161788833286
18.714622205017868
18.709642423778945
18.819862075972416
17.703876042105282
16.233413717432192
15.507141852790157
15.43620308710032
16.761813620355213
15.958063065288126
17.440704159700843
17.963822756783905
17.277857089878633
18.492015752809042
17.82550912205046
17.246211164616266
19.178559960961525
18.119974736939852
18.79574192159627
20.520177815599332
20.466401226233604
20.964113417046185
21.15187338700791
20.663969878884124
20.63705356955871
21.225356245338038
21.259141128834727
20.744683903524415
20.544740023871356
20.259569573439443
19.7042652839748
18.51692501196529
17.111446920023646
15.538570334377333
15.59008386758405
14.684120327547511
15.04576259849337
15.086633534102615
13.560782648432799
13.250949274226837
14.745814368187855
13.90398310475383
13.056215364767871
10.926372299961002
11.121352863628797
11.245723542034598
10.15146788153875
11.485620295702544
11.782529363512703
11.869669031581134
12.205225056122584
11.604604887921353
12.579584935220579
15.040506683606745
13.90878112797225
15.482355723558921
14.922214073415871
12.82538853220769
12.577407726826756
11.979259941404012
13.691483679820207
12.904654166872088
12.916377151176182
12.746516405516978
11.947108980429006
13.198011997664302
11.29292260535925
10.441758761933277
10.76004891741809
11.099508425380405
10.527642795639094
11.430018134405785
11.572353118805484
13.106670394395962
13.21019359755237
11.807720680479326
11.907347711568551
11.667296608526009
12.27480097558999
12.598379991481337
14.346512668199601
15.014647638854512
14.004347066435486
13.474109472584349
15.208788982895022
16.198624101606182
17.35449392434785
15.867191994662171
15.083300251773274
14.802933049600002
13.57120488840663
11.162609067989441
11.063844310684894
10.570769083225436
13.126486294661305
14.288907117389785
13.829800261433938
12.46657622320671
13.83701713321905
14.680362858233918
14.85535470140913
13.792350149598043
13.251128833626026
13.250266662227597
12.795290892618363
13.444664867293978
14.727319322718442
14.888690402829438
13.374509679758411
14.249411870169128
11.51577952828887
12.90988097269334
11.972204598720705
12.85374410101154
13.691901885665724
13.088445337846222
13.865323420400776
13.305311562864919
13.647410897622347
13.38636914821178
12.505165815029072
12.307957595581087
12.865426764635602
11.633804801278487
9.846031231104133
10.917670329383773
11.863717321956594
11.02850543340548
9.952316454616852
9.2776867316027
10.551105540759826
10.368752606598079
10.39776220967265
11.229938606552619
12.000393250942025
9.168772981572895
8.027800751581411
10.000283059393661
10.726256241408466
9.917950587427395
9.342844047634175
8.73774533126979
9.31035309191324
9.283964778334624
11.496335570656617
10.453854341462707
9.92132125048439
8.89615302595904
8.840334758642332
8.329339508812533
8.637337541484326
10.256478850374814
11.326202902702766
11.537301253192544
11.137935922547959
12.54429116289033
13.277830293901395
12.712945627316616
14.234214660506016
12.866680762586888
13.421883524083828
13.237215769299311
12.686024368176557
12.615109635956264
13.610555835837278
12.784642314850778
12.124907163713063
12.963778820687436
12.6538110751996
11.802313633132119
11.594566052096571
12.088684601679118
11.278320530508514
12.529142350490941
13.901560137630169
14.92686060771832
13.543957870730063
14.84747182504587
14.268999870619194
13.91608045245775
14.640997012568317
14.655750057245726
15.25589829111448
16.637640516236697
17.552252001108315
17.71299625327081
18.514892260698375
16.72067786705459
18.16100570908017
16.473575506018584
16.934947112449663
16.23189742757748
16.272617286466225
16.520659167967573
17.636483788247446
16.79355652570596
19.45966765417543
20.162773277347277
21.31302836685898
20.29110190235785
21.12234757165478
23.068101316225075
24.466436950671756
25.710996173582142
25.469196315313507
25.038640495406373
25.315852821489354
27.024969819747596
27.70350078993397
28.244104397336066
28.343584611780415
26.404085544198143
27.137397972030765
26.613099455972517
27.53115543733267
28.27647255819325
27.931185769460196
28.0245780445826
26.410585803583164
25.343813399172745
27.39952352807419
27.483161419449562
26.496348249028568
26.918686912351905
26.65456278478109
25.967220512364502
27.10377205296533
27.058836560783607
27.378524989573975
27.06195074331803
26.405994531627396
25.628362012358515
25.705921249036294
25.046082304418277
24.613163285162248
24.09162830140612
24.972921706657036
24.60798496886984
23.89212261102374
25.66885270115479
27.35289333082731
28.50573436869681
27.712605107173804
25.48090350674858
26.33913385404145
26.633105907740877
27.560024687153277
28.274431876452365
27.091804818511672
28.584143492180726
28.970106849675567
28.21155795703399
27.777722109370266
28.376306918574112
27.214006835965925
27.109017442412767
28.097118252894266
27.406577996083293
27.104436086095156
25.97690516310537
26.01684669024007
27.086011451108007
28.165495370853307
27.726620466465953
28.663209112542607
27.804937864416427
26.624563471159636
27.295099978070443
26.00450586036952
26.796908495920164
26.484192312048627
26.081945478920872
26.808169351400625
27.10780505627359
27.311457807370864
29.80514678261246
30.93890512026163
31.63325602245812
31.248993741610338
31.752097551507994
31.64999429848779
32.28181153858537
32.733149545569695
33.05459249105919
32.60175165338714
33.00825675423626
31.72101077559794
29.62671475257613
28.84250595273765
27.233222516274196
29.20754418371156
29.27411937404516
29.688830986632748
29.823635822556277
29.523982768766587
30.715194092948895
30.14609489661165
31.376581393173748
30.88730650492335
28.515525816849994
27.827275902620116
26.716769603807613
27.03055995625043
26.118653575173703
25.06389318914805
24.603358255973685
25.389987759147044
24.375416576277637
25.925977301980886
25.588431034903664
25.296177613792516
24.88663695142332
23.408859958439926
23.383296476556815
23.06271225913857
22.574848855704587
23.322524789700758
22.716533897928567
23.84664811106404
21.776894023986717
21.862812875916156
22.212937846833295
22.45550765497688
23.539164362901545
23.321993203936433
24.02546460639461
24.801376124892744
24.726146314268984
25.14777284070437
23.823380829457854
26.196637737049038
26.10642544201636
24.728998648967988
25.01407368967702
26.40064323420548
25.266856791343667
26.10024596910132
26.74612206878574
25.546107509859837
23.51086637485541
23.22546147540383
23.36014760613581
20.72259638988968
20.157420678687227
19.579624083869557
19.356047811044768
20.59802276029777
20.38209987179944
21.614522897269197
19.411765520658612
19.354138369716175
18.54207592472312
20.00579911217865
20.59714646597477
20.08568036493042
20.417631117881122
22.04617914227341
20.689056799349128
19.845369377389936
16.87907610543379
17.490984199072194
15.815488875243481
14.67985792665663
14.576150637988206
16.1074877154808
15.54494997301705
14.639442038342104
16.06949784633431
14.807878566777283
14.314882060194192
15.124285513286306
14.474800191988829
12.969873876247672
11.19933498759813
10.224623436589201
10.674070381625299
11.655869335131372
11.331011541527182
12.614340872095447
12.550590586566432
12.763370118430979
12.676640576643184
13.55434849959751
13.7880717672779
13.378042678955355
12.94357799264159
13.320192527197786
13.81333191589437
16.320778834082383
15.484764151349463
17.277698604083266
16.252524346043046
15.006847544994184
14.920169811089055
16.47911034228798
16.582834687565207
17.428621062626128
17.388216223560736
16.443483272831816
14.401271001189528
16.218739750599024
17.22060117284881
18.00881965576845
19.78143815827155
18.854144833845226
19.364511992478906
19.92125457479027
20.79830494037891
21.041139569866047
20.12260277922995
19.128924747918017
20.708289063379667
20.067678989754828
21.673951862829593
21.896884523225083
22.99480748313455
24.066071557925756
24.030257437527382
24.43553794109479
25.330052359775568
24.665662950168134
25.094180107212637
24.034854017270334
24.888599845145265
24.991213559702082
25.26985587036878
25.100939421868322
23.21156267860521
24.580320128757553
25.526478910814433
25.884301256624
25.495487902375636
26.67271682253714
26.561837928228304
27.831500409256392
27.419689568303983
26.723117310328274
26.700490997920667
27.4611239584631
26.322667852735883
25.110420004160495
23.819464833738774
24.135326366765515
23.968414606137323
25.68188708237793
25.962719413804212
25.4759535188337
25.510101676007093
24.725883219259803
24.054453829067985
24.240533273697544
23.582254380485363
23.923832424765603
24.10657201581406
23.671274799420168
24.527811214243485
22.9495829187154
21.64255056727457
18.49791953909447
17.695366864249614
17.42456621922091
17.06083154067713
16.135749144337165
16.85429803829819
17.234347851547746
17.465839696265693
16.98250360186438
17.761119726963713
19.148445692103607
19.325912960034255
20.251942011972094
21.203313773940618
20.37725820747892
18.30738458109399
17.67986607919626
17.27667783225463
16.427364480217356
16.783724354630547
15.590624023771362
15.107456971460866
14.861797659881484
15.634545211359068
14.592521850065726
15.763571157495278
14.206888563013784
12.79779018291269
12.2553546473342
13.28981435721355
12.502575626043303
11.052150562537996
11.28576153450696
11.34829072625679
10.748307041723258
11.599839827124375
10.272000562153528
8.079452429677435
7.424356190223079
5.892781657939818
7.849247303226493
6.76312369806201
5.9741685082418705
7.402207951017328
7.669100511867553
8.114564182316375
9.433481132088863
9.476313238330913
8.706092620147059
7.843631364889904
8.387125170897395
6.887108898175159
6.12982528328987
4.958132285917359
5.752763927358998
6.677301524888224
6.706236226711775
4.149200275940919
4.941651045916682
4.983602619569983
5.205228332147058
4.661117806271848
3.7669030010720252
5.224152377102567
4.687627020639185
4.1930258702829315
4.193555060426401
4.591962323621591
5.27279548694541
4.634816984868082
3.782086212115649
4.3004724137047
3.344920400754612
4.4710780810164685
4.7629814075767865
4.821893732476741
4.964119545275258
5.354599679414737
6.22037564069979
5.063324452405098
4.548003839335548
5.992115908070531
3.802799601694753
4.0890000697105675
4.412640766542598
5.206240281133397
6.221526571719746
5.230292290642918
6.292580990645344
6.35097868241004
7.347016774388924
6.945610762221624
4.492212102065783
6.034169580946544
5.845459562602047
5.436845838347171
4.952971175634369
4.354897544707412
4.670158638779281
5.24040724593336
4.0154141676424855
4.859140037190315
6.598177470175612
6.573056633670159
5.523234084586753
4.498131738476203
4.911757275335103
4.72119213309474
4.278183739366538
4.219208711751445
2.5649258054476265
2.7905757516526206
3.6150444276535865
4.332075875449195
5.8289625287110995
6.192899757984249
5.578462847695143
5.917545234257767
5.321609038090688
4.407394320526785
4.759466787401154
5.672184287677051
6.241325599313999
5.989498793845317
6.114203687060277
7.8759547044923846
6.7568721158865825
6.67301452657639
5.7024715984293
4.136878588561694
5.451387564528664
5.220807099726025
4.876236392729908
4.910538448140299
4.299429911610517
2.785646928949315
2.8635424745330864
3.854236698703993
5.012856371377638
4.4667235117269355
4.879771744259812
4.60055186655671
4.809193123873365
6.406040072184787
7.691248481422459
6.848623963047905
7.173091335769863
7.817317995687819
7.56758850618264
8.785761425160686
8.497170028084652
9.300368601880699
8.794441706689888
8.925415900729305
8.56813571874753
9.263329807344142
9.71404842599065
7.941658720047802
7.158368599894351
5.68323905656851
4.510972818130652
2.754196778738243
2.376235227180685
1.007587814274707
0.8446273714752196
1.9364103154286134
1.401788575777624
1.4225367760340466
-0.38265214785338575
0.6785722138211503
1.9313145327485606
1.694355771271908
2.227291716724772
2.2845956682134627
0.1743300702377617
1.340684530870901
1.551728690235476
1.7330298555448342
2.281534524712704
1.725259497798259
0.4980088272248131
1.4303107817649103
0.6580706487068781
0.728513372648979
0.9163084337047384
0.5483334639720874
-0.5709130484183773
0.40094758181345336
0.511981887113061
0.48367020150379064
0.9752586320509826
0.8519624629014846
1.7748190152248233
0.6072669823426886
0.1539678688373443
1.2517595768841785
3.119972505994766
0.28116171050151273
-1.0538920862620598
-0.7371512911728906
-0.9214643265336211
-1.5515510806408566
-1.8375200039024313
-1.2168820611382856
0.4495031778050631
0.6562128743467293
-1.4464536744800136
-1.6069906227408153
-1.6529113833921956
-1.7051160379666892
-2.284777354962205
-2.5166998515782946
-2.2848135218949404
-3.484544883132682
-2.740345875783953
-3.8444610081057045
-1.8677403797658279
-1.5233940259027134
-1.9180777417559367
-2.0639362182246432
-1.6844510653640472
-1.7692422862961603
-1.2755660867383538
-0.15491516620333057
-1.8700103072512777
0.5568648492052726
1.759092249490856
2.6544706151955175
3.18531221651708
2.5615774059414598
0.9966138765581252
0.5697804772851975
0.0254821350787654
-0.22678354608747897
-0.9161965399680533
-1.5808577255847396
0.2177865763355593
1.2934280810402543
0.18038678284912057
0.22348180392505382
0.28359934379425605
0.17324577612609626
-1.0400812407372877
-1.6099021764834012
-0.5939910072915981
-0.40082063142136015
1.295611410414958
2.046154765796593
2.9975074486435385
3.63908803652206
6.40368503841698
6.749705442558907
8.167921151733635
9.322137727682978
8.642876166687339
8.86354269344951
7.77918034143198
7.533133907574418
7.467919582504675
6.185914803606429
7.2869404977144745
8.149397488981057
7.279930676492453
8.173580356678842
8.451428619112903
7.146165115308619
8.776656458646086
8.64398785229688
8.88553106664535
9.291719344686202
9.186763616377204
8.498708665691954
8.691635923453548
9.293923928788546
9.210816989178252
9.388156083253426
9.433534188419385
8.903753424678309
7.87462409915048
7.250825623751363
7.615633209008704
8.35699326094521
6.9106042497195155
7.5764540445994495
8.559046837696107
8.460490160092075
7.403032056570935
7.896025213982462
7.800624812286778
8.343304045850905
8.547370073280588
8.623735323259009
9.28884672769235
10.230983212238032
10.562159694455467
10.884643786259582
9.487766938687768
8.642930264871898
8.686299337734637
8.723215102864765
7.840568018772652
10.315870037699824
9.184196059344323
10.700157143966955
9.157329154395466
11.370273394664329
10.82776852134568
11.209390766852176
9.596964068510076
10.404261414873776
12.002570767385123
11.592092082900226
10.638457398160234
9.50052596461643
9.785996891312681
9.239592002281679
8.676926813352251
9.531180549727742
7.68166559798781
7.935016244931555
6.347383872381659
7.274018909419495
6.515510972137355
6.0444511733081
5.547121865563317
4.730894874571121
5.327931491918074
5.251391475331682
5.051334632642629
4.96666155627849
4.1545434428539005
3.43132853247673
2.0757810949036646
2.307974356814543
1.8248423420713553
2.243659614189324
0.7002437721174377
-0.6801213143012881
-1.5302223320465294
-1.4798912696339777
-0.6357624372776816
-0.9974317569191788
-0.80188898887251
-1.0431663563379496
-1.7134677457106586
-2.180820974940134
-2.8114864353947
-4.233681988458374
-3.7463817212271744
-3.309405852265951
-0.4641454538975238
-0.6093303836642757
-0.715112442178182
