0.9765034	
0.9791907	
0.9760966	
0.9297528	
0.9236943	
0.9250374	
0.9047443	
0.9189222	
0.9819303	
1.034611	
0.9886078	
0.994711	
0.9835241	
1.020909	
0.9838852	
0.9268002	
0.902474	
0.8720775	
0.8528978	
0.8733324	
0.9066314	
0.9861302	
0.9754388	
0.9958885	
1.018137	
1.034284	
1.006135	
1.012079	
0.9995111	
0.9974779	
0.9966115	
0.9690782	
0.9735735	
0.9862332	
1.006673	
1.023028	
0.9951764	
0.9917266	
1.004184	
1.002354	
0.9831505	
0.9783934	
0.9468345	
0.954097	
0.9544744	
0.9481578	
0.9635468	
0.9755471	
0.9794848	
0.9856236	
0.9480781	
0.9170085	
0.9054407	
0.9092059	
0.8780711	
0.8725855	
0.8847862	
0.9059775	
0.9155238	
0.9327273	
0.9531223	
0.9543564	
0.9610068	
0.9575785	
0.9410732	
0.8975525	
0.8381724	
0.8684062	
0.836494	
0.7869758	
0.8389346	
0.876714	
0.8939334	
0.8904575	
0.891368	
0.8631853	
0.817304	
0.8506399	
0.8640559	
0.9004544	
0.891221	
0.9165161	
0.8971142	
0.9056282	
0.8709838	
0.8645302	
0.8413967	
0.8501306	
0.8748694	
0.9108648	
0.9465325	
1.003698	
1.046485	
1.031552	
1.043824	
1.026823	
0.9830855	
0.9754302	
1.002757	
1.009557	
1.036904	
1.05999	
1.084879	
1.07521	
1.072756	
1.079341	
1.026656	
1.030071	
1.018862	
0.9579445	
0.8906088	
0.9668615	
0.9678821	
0.9319966	
0.9019526	
0.9182605	
0.9170021	
0.8840685	
0.8843975	
0.9046372	
0.9641226	
0.9681926	
0.972315	
1.001662	
1.026494	
1.026887	
1.019423	
1.030513	
1.035618	
0.9973207	
1.006635	
1.02365	
1.024305	
1.013923	
1.040902	
1.049895	
1.000808	
0.9794872	
0.9930166	
0.9931842	
0.9657313	
0.9729145	
0.9877053	
0.9967282	
0.9795544	
1.000348	
1.019803	
1.00435	
1.009195	
1.021502	
1.023158	
1.001432	
1.005471	
1.020666	
1.012601	
1.01795	
1.034854	
1.048536	
1.035907	
1.031007	
1.031923	
1.014318	
0.9675875	
0.9577363	
0.9528447	
0.9538188	
0.9250642	
0.932862	
0.9554073	
0.9817719	
0.9831255	
0.9571871	
0.9549534	
0.9683989	
0.9824458	
0.9548709	
0.9439597	
0.9544727	
0.9704009	
0.9512883	
0.9465158	
0.9639887	
0.9849569	
0.9806143	
0.9717813	
0.9758627	
0.9851955	
0.9821096	
0.9349768	
0.924701	
0.9270576	
0.9414541	
0.9557704	
0.9439096	
0.9485069	
0.9668493	
0.9790224	
0.9579548	
0.9305512	
0.9304565	
0.9545579	
0.9817353	
0.9573267	
0.9740034	
0.9865214	
0.9979331	
0.9763247	
0.9561033	
0.9572606	
0.9596512	
0.9589372	
0.91848	
0.9086031	
0.9072246	
0.9146664	
0.9089896	
0.9062903	
0.9008109	
0.9184859	
0.9383392	
0.9291807	
0.9312813	
0.9445286	
0.9641781	
0.9717303	
0.9463518	
0.9454833	
0.9459668	
0.9261926	
0.8921701	
0.88785	
0.9006193	
0.9170694	
0.926338	
0.9168001	
0.9236851	
0.9418106	
0.9530683	
0.9385828	
0.9371029	
0.94002	
0.9507713	
0.9265786	
0.9155161	
0.9341746	
0.9582757	
0.9450455	
0.9373154	
0.9534193	
0.9712311	
0.981898	
0.9555041	
0.9587277	
0.9655875	
0.9719962	
0.957073	
0.942069	
0.9456462	
0.9497745	
0.943695	
0.9226186	
0.9225196	
0.93581	
0.9544162	
0.9594301	
0.9505246	
0.9564766	
0.9495042	
0.9395033	
0.9166036	
0.9001493	
0.9042602	
0.9212405	
0.9405957	
0.9192128	
0.9049808	
0.8995829	
0.9007096	
0.8872626	
0.8919833	
0.9340169	
1.002796	
1.017724	
1.001118	
1.017112	
1.015279	
1.002471	
0.9798022	
0.9374534	
0.8824304	
0.8482349	
0.8372265	
0.8817405	
0.9422014	
0.9376531	
0.9723644	
0.9981781	
0.9942424	
0.9697263	
0.9662142	
0.9500326	
0.9381893	
0.9420158	
0.937921	
0.9110073	
0.8882654	
0.8853343	
0.8929263	
0.8814127	
0.8627709	
0.8657761	
0.8813364	
0.8874669	
0.9105158	
0.9214062	
0.8883796	
0.8671876	
0.8711127	
0.8810892	
0.8793656	
0.8840695	
0.8964533	
0.9187692	
0.9101583	
0.8914968	
0.9000126	
0.8944767	
0.8982669	
0.9142945	
0.9402673	
0.9436611	
0.9043432	
0.8872598	
0.8939676	
0.8940269	
0.8834932	
0.880897	
0.8949909	
0.887203	
0.8641734	
0.8593439	
0.8445704	
0.8196543	
0.8167819	
0.8385881	
0.8459819	
0.8582943	
0.8717564	
0.8789145	
0.8562266	
0.842245	
0.8307217	
0.8137927	
0.8256481	
0.8096521	
0.8316485	
0.844614	
0.8579692	
0.8494526	
0.8765315	
0.9007753	
0.9200516	
0.902219	
0.8578314	
0.8525273	
0.8696815	
0.8699616	
0.8655822	
0.8496334	
0.8670847	
0.8818673	
0.896234	
0.904426	
0.8913819	
0.9083732	
0.9003499	
0.9391721	
0.9538862	
0.9644088	
0.9447038	
0.954006	
0.9352335	
0.8967822	
0.8526685	
0.865082	
0.8572969	
0.873498	
0.8790445	
0.8733301	
0.9041419	
0.9299375	
0.946067	
0.92418	
0.9339476	
0.9303173	
0.9009539	
0.8882358	
0.8991792	
0.9099779	
0.905337	
0.9164424	
0.9245466	
0.9070284	
0.9194736	
0.9617628	
0.9714383	
0.9712321	
0.98814	
0.9557592	
0.9573445	
0.9331665	
0.9564386	
0.9497399	
0.9413781	
0.9146088	
0.9141224	
0.9030874	
0.8924115	
0.924319	
0.8793434	
0.8710581	
0.8908979	
0.9431053	
0.9257926	
0.8980153	
0.8930404	
0.8813443	
0.8600286	
0.8676425	
0.850423	
0.8501518	
0.864017	
0.8894447	
0.928969	
0.9582481	
0.9648756	
0.9954261	
1.032475	
1.052788	
1.031546	
1.012132	
1.017412	
1.039199	
1.040942	
1.027372	
1.046515	
1.065911	
1.075295	
1.057687	
1.036507	
1.042485	
1.058366	
1.043345	
1.024967	
1.044813	
1.073223	
1.077098	
1.06355	
1.065972	
1.077262	
1.081207	
1.043376	
1.025612	
1.035805	
1.069304	
1.084344	
1.079148	
1.108723	
1.120929	
1.09135	
1.054458	
1.041737	
1.048497	
1.030258	
1.012982	
1.033605	
1.044474	
1.051481	
1.03644	
1.038073	
1.044789	
1.050167	
1.050315	
1.055035	
1.069547	
1.080513	
1.063902	
1.063878	
1.080812	
1.099166	
1.097259	
1.074254	
1.087408	
1.096004	
1.08062	
1.054748	
1.049901	
0.9928074	
0.9281005	
0.9572617	
1.017434	
1.075039	
1.095321	
1.094847	
1.081863	
1.056996	
1.017453	
1.002009	
1.001291	
1.008296	
1.017177	
1.040926	
1.054947	
1.057236	
1.070872	
1.067867	
1.069239	
1.067829	
1.070136	
1.063194	
1.061759	
1.05344	
1.072055	
1.09029	
1.112021	
1.138639	
1.150593	
1.143844	
1.117803	
1.104554	
1.08948	
1.107804	
1.116729	
1.136348	
1.144792	
1.144928	
1.122957	
1.11655	
1.103524	
1.093783	
1.126302	
1.14947	
1.189142	
1.109635	
1.116766	
1.103969	
1.080161	
1.061173	
1.054449	
1.03807	
1.014489	
0.9715025	
0.9968113	
1.049414	
1.090099	
1.098299	
1.06775	
1.070939	
1.065649	
1.055702	
1.026128	
0.9882705	
0.9896453	
1.006547	
1.030316	
1.014835	
0.9932359	
1.001402	
1.035203	
1.060039	
1.055618	
1.045255	
1.056765	
1.015588	
0.9767352	
0.9430943	
0.9175637	
0.9545794	
1.011142	
1.011639	
1.007357	
1.033549	
1.0608	
1.076951	
1.070805	
1.064719	
1.082998	
1.085092	
1.078539	
1.051103	
1.025476	
1.048235	
1.089656	
1.12186	
1.121066	
1.100522	
1.077706	
1.096518	
1.095071	
1.088142	
1.066435	
1.038748	
1.039609	
1.062677	
1.082255	
1.091725	
1.086018	
1.076265	
1.058398	
1.066511	
1.060069	
1.074785	
1.062904	
1.052176	
1.046557	
1.059635	
1.069463	
1.071984	
1.074273	
1.08274	
1.092943	
1.101902	
1.099431	
1.093446	
1.100971	
1.0964	
1.091271	
1.109197	
1.106254	
1.096134	
1.09428	
1.090889	
1.105345	
1.086856	
1.025731	
1.00009	
0.9403509	
0.8957881	
0.8795714	
0.8410521	
0.831472	
0.8191328	
0.8062815	
0.8091019	
0.7984621	
0.8009073	
0.8068557	
0.8138754	
0.7915732	
0.8048045	
0.7972284	
0.799062	
0.8037199	
0.8209102	
0.8466755	
0.8773171	
0.9256554	
0.9795604	
0.990123	
0.9892171	
0.9991767	
1.011396	
1.009579	
1.014932	
0.9940481	
0.9943801	
1.000928	
1.011146	
1.029064	
1.036413	
1.039045	
1.038807	
1.03275	
1.018467	
0.9958209	
0.9977698	
1.013519	
1.027328	
1.036601	
1.02697	
1.032539	
1.031948	
1.040604	
1.032663	
1.020199	
1.02939	
1.03802	
1.045251	
1.031355	
1.037749	
1.039079	
1.053033	
1.047279	
1.045526	
1.050806	
1.063511	
1.052859	
1.042241	
1.056335	
1.055405	
1.051586	
1.046417	
1.031889	
1.033815	
1.041756	
1.042368	
1.017127	
0.9968968	
0.9745382	
0.9877061	
1.009043	
1.002143	
0.9341466	
0.8892944	
0.9088311	
0.9316772	
0.9725406	
1.00341	
1.018307	
1.022307	
1.021386	
1.017578	
1.031944	
1.050879	
1.071033	
1.088217	
1.083661	
1.096302	
1.101819	
1.105188	
1.101517	
1.103276	
1.105015	
1.105531	
1.108483	
1.109135	
1.099794	
1.093091	
1.082536	
1.085688	
1.10855	
1.134228	
1.154752	
1.149005	
1.140782	
1.13107	
1.108056	
1.086021	
1.076995	
1.072746	
1.086345	
1.106182	
1.106376	
1.091974	
1.086952	
1.07854	
1.063902	
1.067853	
1.071632	
1.067551	
1.070304	
1.066562	
1.046861	
1.051203	
1.040819	
1.038597	
1.046261	
1.055445	
1.0646	
1.019943	
0.9858136	
0.9683897	
0.9621491	
0.9669183	
0.9207329	
0.8803945	
0.8736852	
0.8748406	
0.8891538	
0.8791274	
0.8752865	
0.8793208	
0.8957636	
0.9327477	
0.9634784	
0.9467077	
0.9269015	
0.9218323	
0.9290096	
0.9382607	
0.9245824	
0.9095514	
0.8975793	
0.8993219	
0.9130032	
0.9208285	
0.9010023	
0.8931415	
0.8948768	
0.9178764	
0.9403455	
0.9410857	
0.9320529	
0.924568	
0.933281	
0.9539014	
0.9780829	
0.9587094	
0.9578605	
0.9676239	
0.9777405	
0.9798334	
0.9550738	
0.9424524	
0.9324051	
0.9299363	
0.9523007	
0.9649869	
0.9608976	
0.962869	
0.9786896	
1.002231	
0.9691922	
0.9430428	
0.9033352	
0.8791998	
0.8539425	
0.8077162	
0.8014045	
0.7932837	
0.784901	
0.7735581	
0.7631087	
0.749883	
0.7217541	
0.7011789	
0.6854896	
0.6727669	
0.6677068	
0.6536867	
0.6591303	
0.6671588	
0.6783965	
0.7015068	
0.7055606	
0.7042667	
0.7144426	
0.7148216	
0.6979324	
0.7001833	
0.71353	
0.7424698	
0.7920913	
0.8371605	
0.8461255	
0.8382283	
0.8019696	
0.7737212	
0.7706503	
0.7535136	
0.7272781	
0.7463569	
0.7701403	
0.8153936	
0.8322122	
0.833893	
0.8212157	
0.7956518	
0.7695354	
0.7441917	
0.7182031	
0.7500059	
0.8091015	
0.8624555	
0.8516762	
0.9079698	
0.9619746	
0.9540648	
0.9062074	
0.8793938	
0.8618544	
0.8349255	
0.8140435	
0.7851052	
0.7459911	
0.7212023	
0.7299737	
0.7928873	
0.8978761	
0.997353	
0.988287	
1.003986	
1.002539	
0.994109	
0.9435078	
0.9413623	
0.9512668	
0.9693512	
0.975314	
0.9360232	
0.9230533	
0.9346233	
0.9623398	
0.9714879	
0.970022	
0.9533483	
0.9399947	
0.9053837	
0.8917872	
0.9078956	
0.9451908	
0.9848777	
1.005402	
1.01529	
0.9879984	
0.9603691	
0.924773	
0.9153934	
0.934658	
0.9701814	
0.9905838	
0.9865099	
0.9583324	
0.952244	
0.9401885	
0.9146464	
0.8795435	
0.8604153	
0.8504177	
0.8498064	
0.84904	
0.8671217	
0.8909242	
0.9106868	
0.8876982	
0.8670841	
0.8615614	
0.8630697	
0.9011061	
0.9264995	
0.9474783	
0.9426795	
0.9359507	
0.9157729	
0.9004462	
0.8776741	
0.8862035	
0.9548119	
0.9805583	
1.065329	
1.099579	
1.095758	
1.093963	
1.043012	
1.022372	
0.994506	
0.9545967	
0.937075	
0.9383755	
0.9448776	
0.9784124	
1.03027	
1.09656	
1.134723	
1.141001	
1.144492	
1.112202	
1.090603	
1.073033	
1.048478	
1.038666	
1.041046	
1.068143	
1.102954	
1.106861	
1.125502	
1.124687	
1.075726	
1.044656	
1.034758	
1.055474	
1.059747	
1.042098	
1.032104	
1.037224	
1.033357	
1.021765	
1.016881	
1.021587	
1.029514	
1.01806	
0.9940277	
0.9755631	
0.9793398	
0.9648468	
0.9778187	
0.9995768	
0.9982157	
0.9675868	
0.9581079	
0.9674499	
0.9680628	
0.949181	
0.9257755	
0.9106582	
0.9029125	
0.8916809	
0.8990275	
0.9293553	
0.9479845	
0.9774783	
0.9991776	
1.008442	
0.9946039	
0.9729511	
0.9361864	
0.9105134	
0.9078833	
0.9279449	
0.940739	
0.9774054	
1.007158	
0.991041	
1.000901	
1.015491	
1.02279	
0.9908632	
0.9647701	
0.9448118	
0.9463406	
0.945989	
0.9336239	
0.9280444	
0.9281393	
0.946929	
0.9723306	
0.9734619	
1.000821	
1.025258	
1.025516	
1.008071	
0.9994053	
0.9862049	
0.9629816	
0.9484487	
0.9423108	
0.9515555	
0.953815	
0.9472723	
0.9675066	
0.9772995	
0.9887482	
1.017871	
1.003057	
0.999366	
0.9915608	
0.9789729	
0.9526211	
0.9030445	
0.8708622	
0.8448948	
0.8279202	
0.8384639	
0.8526641	
0.9023401	
0.8847528	
0.8978422	
0.8574891	
0.8819885	
0.877121	
